0.15 138.805164448467
0.3 135.297715156678
0.45 131.878895135876
0.6 128.546464824769
0.75 125.298241253238
0.9 122.132096612349
1.05 119.04595686049
1.2 116.03780036473
1.35 113.105656576512
1.5 110.247604740811
1.65 107.461772637906
1.8 104.746335356945
1.95 102.099514100509
2.1 99.5195750193742
2.25 97.0048280767234
2.4 94.5536259410551
2.55 92.1643629070689
2.7 89.835473843819
2.85 87.5654331694457
3 85.3527538518151
3.15 83.1959864344112
3.3 81.0937180868423
3.45 79.0445716793403
3.6 77.0472048806471
3.75 75.1003092786948
3.9 73.2026095235063
4.05 71.3528624917545
4.2 69.5498564724303
4.35 67.7924103730896
4.5 66.0793729461567
4.65 64.4096220347779
4.8 62.7820638377326
4.95 61.195632192918
5.1 59.6492878789399
5.25 58.1420179343521
5.4 56.6728349940965
5.55 55.2407766427117
5.7 53.8449047838853
5.85 52.4843050259358
6 51.1580860828241
6.15 49.8653791902997
6.3 48.6053375368008
6.45 47.3771357087345
6.6 46.1799691497746
6.75000000000001 45.0130536338222
6.90000000000001 43.8756247512834
7.05000000000001 42.766937408329
7.20000000000001 41.686265338807
7.35000000000001 40.6329006284886
7.50000000000001 39.6061532513356
7.65000000000001 38.6053506174864
7.80000000000001 37.6298371326631
7.95000000000001 36.6789737687129
8.10000000000001 35.7521376450008
8.25000000000001 34.8487216203796
8.40000000000001 33.9681338954714
8.55000000000001 33.1097976249985
8.70000000000001 32.2731505399095
8.85000000000001 31.4576445790556
9.00000000000001 30.6627455301723
9.15000000000001 29.8879326799339
9.30000000000001 29.1326984728507
9.45000000000001 28.3965481787854
9.60000000000001 27.6789995688709
9.75000000000001 26.9795825996174
9.90000000000001 26.2978391050016
10.05 25.6333224963369
10.2 24.9855974697269
10.35 24.3542397209115
10.5 23.7388356673188
10.65 23.1389821771401
10.8 22.5542863052507
10.95 21.9843650358044
11.1 21.4288450313315
11.25 20.8873623881772
11.4 20.3595623981202
11.55 19.8450993160139
11.7 19.3436361333
11.85 18.8548443572449
12 18.3784037957543
12.15 17.9140023476254
12.3 17.4613357980992
12.45 17.0201076195794
12.6 16.5900287773859
12.75 16.1708175404177
12.9 15.7621992965997
13.05 15.3639063729929
13.2 14.9756778604502
13.35 14.5972594427031
13.5 14.2284032297674
13.65 13.8688675955578
13.8 13.5184170196067
13.95 13.1768219327816
14.1 12.8438585669025
14.25 12.5193088081573
14.4 12.2029600542234
14.55 11.8946050749977
14.7 11.5940418768473
14.85 11.3010735702897
