100 0.00503072608902019
105.050505050505 0.00583210193084772
110.10101010101 0.00671435936380202
115.151515151515 0.00768138692591803
120.20202020202 0.00873707315523069
125.252525252525 0.00988530658977495
130.30303030303 0.0111299757675857
135.353535353535 0.012474969226698
140.40404040404 0.0139241755051467
145.454545454545 0.0154814831409667
150.505050505051 0.0171507806721931
155.555555555556 0.0189359566368606
160.606060606061 0.0208408995730044
165.656565656566 0.0228694980186593
170.707070707071 0.0250256405118602
175.757575757576 0.0273132155906422
180.808080808081 0.0297361117930401
185.858585858586 0.0322982176570888
190.909090909091 0.0350034217208235
195.959595959596 0.0378556125222788
201.010101010101 0.0408586785994899
206.060606060606 0.0440165084904916
211.111111111111 0.0473329907333189
216.161616161616 0.0508120138660068
221.212121212121 0.0544574664265901
226.262626262626 0.0582732369531039
231.313131313131 0.0622632139835829
236.363636363636 0.0664312860560623
241.414141414141 0.0707813417085769
246.464646464646 0.0753172694791617
251.515151515152 0.0800429579058516
256.565656565657 0.0849622955266816
261.616161616162 0.0900791708796865
266.666666666667 0.0953974725029014
271.717171717172 0.100921088934361
276.767676767677 0.106653908712101
281.818181818182 0.112599820374155
286.868686868687 0.118762712458559
291.919191919192 0.125146473503348
296.969696969697 0.131754992046556
302.020202020202 0.138592156626219
307.070707070707 0.145661855780371
312.121212121212 0.152967978047048
317.171717171717 0.160514411964284
322.222222222222 0.168305046070114
327.272727272727 0.176343768902574
332.323232323232 0.184634468999698
337.373737373737 0.193181034899521
342.424242424242 0.201987355140078
347.474747474747 0.211057318259404
352.525252525253 0.220394812795533
357.575757575758 0.230003727286502
362.626262626263 0.239887950270345
367.676767676768 0.250051370285096
372.727272727273 0.260497875868791
377.777777777778 0.271231355559465
382.828282828283 0.282255697895152
387.878787878788 0.293574791413888
392.929292929293 0.305192524653707
397.979797979798 0.317112786152644
403.030303030303 0.329339464448735
408.080808080808 0.341876448080015
413.131313131313 0.354727625584517
418.181818181818 0.367896885500278
423.232323232323 0.381388116365331
428.282828282828 0.395205206717713
433.333333333333 0.409352045095458
438.383838383838 0.423832520036601
443.434343434343 0.438650520079176
448.484848484848 0.45380993376122
453.535353535354 0.469314649620766
458.585858585859 0.48516855619585
463.636363636364 0.501375542024506
468.686868686869 0.51793949564477
473.737373737374 0.534864305594677
478.787878787879 0.552153860412261
483.838383838384 0.569812048635557
488.888888888889 0.587842758802601
493.939393939394 0.606249879451427
498.989898989899 0.62503729912007
504.040404040404 0.644208906346566
509.090909090909 0.663768589668948
514.141414141414 0.683720237625253
519.191919191919 0.704067738753514
524.242424242424 0.724814981591768
529.292929292929 0.745965854678049
534.343434343434 0.767524246550391
539.393939393939 0.78949404574683
544.444444444444 0.8118791408054
549.494949494949 0.834683420264137
554.545454545455 0.857910772661076
559.59595959596 0.881565086534252
564.646464646465 0.905650250421699
569.69696969697 0.930170152861452
574.747474747475 0.955128682391546
579.79797979798 0.980529727550017
584.848484848485 1.0063771768749
589.89898989899 1.03267491890423
594.949494949495 1.05942684217604
600 1.08663683522836
