0 0 9.99999971718069E-10
0.02 3.0815506049664E-10 1.02318803405638E-07
0.04 1.4512474555417E-10 1.38210740865952E-07
0.06 3.93308344226462E-10 1.30481638396795E-07
0.08 1.58981855458151E-10 9.60585434389705E-08
0.1 1.8284818104064E-11 4.96221954915388E-08
0.2 2.10478356965638E-10 1.31141684123204E-07
0.3 4.59127347252064E-10 7.62709882473622E-08
0.4 4.66683913735721E-11 6.84672844530887E-08
0.5 1.86953452718797E-10 1.38304747210327E-07
0.6 1.52074242087963E-10 9.38494372215715E-08
0.7 1.6258117074841E-10 1.21438969991061E-08
0.8 2.92337487550753E-10 1.05257808136194E-07
0.9 4.22849533165959E-10 1.37086331952752E-07
1 5.02577979233365E-11 1.03252410066368E-07
1.1 6.19317042094281E-09 2.67964042066637E-08
1.2 3.05511282938653E-09 5.75062124585912E-08
1.3 1.12321663081616E-09 1.17438551994198E-07
1.4 2.48033260596969E-10 1.38268515414985E-07
1.5 6.70713484751673E-10 1.2040297203697E-07
1.6 4.22540669120508E-10 7.28062898858184E-08
1.7 3.7895897531115E-10 1.12076063985E-08
1.8 3.52247120360971E-10 4.81884736558413E-08
1.9 2.44338549393319E-10 9.50233592922345E-08
2 2.25163221401203E-11 1.25418781138364E-07
2.1 3.45376172106171E-10 1.37559241997209E-07
2.2 2.97051716557917E-10 1.35788811861381E-07
2.3 4.17799128626939E-10 1.22237684085924E-07
2.4 1.100026736367E-10 1.03881994784061E-07
2.5 1.37012623468991E-11 8.34633940849372E-08
3 4.87910489788135E-10 1.51488978028524E-08
3.5 5.79108982989851E-11 1.21713605860663E-09
