-3 -0.999977894851102
-2.984375 -0.999975612924094
-2.96875 -0.99997310799212
-2.953125 -0.99997035960289
-2.9375 -0.999967345565382
-2.921875 -0.999964041815364
-2.90625 -0.999960422271747
-2.890625 -0.999956458683253
-2.875 -0.999952120464865
-2.859375 -0.999947374523499
-2.84375 -0.999942185072323
-2.828125 -0.99993651343313
-2.8125 -0.999930317826141
-2.796875 -0.999923553146616
-2.78125 -0.999916170727611
-2.765625 -0.999908118088214
-2.75 -0.999899338666567
-2.734375 -0.999889771536983
-2.71875 -0.99987935111042
-2.703125 -0.999868006817591
-2.6875 -0.999855662773968
-2.671875 -0.999842237425902
-2.65625 -0.999827643177119
-2.640625 -0.999811785994796
-2.625 -0.999794564994445
-2.609375 -0.999775872002829
-2.59375 -0.999755591098111
-2.578125 -0.999733598126471
-2.5625 -0.999709760194397
-2.546875 -0.999683935135895
-2.53125 -0.999655970953862
-2.515625 -0.999625705234861
-2.5 -0.999592964536606
-2.484375 -0.99955756374743
-2.46875 -0.999519305417082
-2.453125 -0.999477979058207
-2.4375 -0.999433360417915
-2.421875 -0.999385210718868
-2.40625 -0.999333275869388
-2.390625 -0.999277285642123
-2.375 -0.999216952820867
-2.359375 -0.999151972315219
-2.34375 -0.9990820202428
-2.328125 -0.99900675297887
-2.3125 -0.998925806173226
-2.296875 -0.998838793734389
-2.28125 -0.99874530678118
-2.265625 -0.998644912561874
-2.25 -0.99853715334125
-2.234375 -0.998421545255981
-2.21875 -0.998297577138918
-2.203125 -0.998164709312972
-2.1875 -0.998022372355439
-2.171875 -0.997869965833755
-2.15625 -0.997706857013839
-2.140625 -0.997532379542339
-2.125 -0.99734583210427
-2.109375 -0.997146477057709
-2.09375 -0.996933539047404
-2.078125 -0.996706203599348
-2.0625 -0.996463615698547
-2.046875 -0.996204878352449
-2.03125 -0.995929051142677
-2.015625 -0.995635148767941
-2 -0.995322139581219
-1.984375 -0.994988944124515
-1.96875 -0.994634433664726
-1.953125 -0.994257428734382
-1.9375 -0.993856697681238
-1.921875 -0.993430955230956
-1.90625 -0.992978861067285
-1.890625 -0.99249901843445
-1.875 -0.99198997276661
-1.859375 -0.991450210349533
-1.84375 -0.990878157019788
-1.828125 -0.990272176907034
-1.8125 -0.989630571225125
-1.796875 -0.988951577117992
-1.78125 -0.988233366566433
-1.765625 -0.987474045362119
-1.75 -0.986671652155294
-1.734375 -0.985824157582785
-1.71875 -0.984929463483104
-1.703125 -0.98398540220551
-1.6875 -0.98298973602003
-1.671875 -0.981940156635514
-1.65625 -0.98083428483285
-1.640625 -0.979669670220542
-1.625 -0.978443791119842
-1.609375 -0.977154054586638
-1.59375 -0.97579779657727
-1.578125 -0.974372282265392
-1.5625 -0.972874706516915
-1.546875 -0.971302194529939
-1.53125 -0.969651802646473
-1.515625 -0.967920519342523
-1.5 -0.966105266402972
-1.484375 -0.964202900287389
-1.46875 -0.962210213692685
-1.453125 -0.960123937318175
-1.4375 -0.957940741838313
-1.421875 -0.955657240087964
-1.40625 -0.953269989464677
-1.390625 -0.950775494551989
-1.375 -0.948170209967293
-1.359375 -0.945450543437315
-1.34375 -0.942612859103685
-1.328125 -0.939653481060497
-1.3125 -0.936568697125191
-1.296875 -0.933354762843371
-1.28125 -0.930007905727592
-1.265625 -0.926524329729362
-1.25 -0.922900219942947
-1.234375 -0.919131747538776
-1.21875 -0.91521507492348
-1.203125 -0.911146361122801
-1.1875 -0.906921767382802
-1.171875 -0.902537462983956
-1.15625 -0.897989631261869
-1.140625 -0.893274475827527
-1.125 -0.888388226979099
-1.109375 -0.883327148296448
-1.09375 -0.878087543408649
-1.078125 -0.872665762923944
-1.0625 -0.867058211510683
-1.046875 -0.861261355116982
-1.03125 -0.855271728315962
-1.015625 -0.84908594176262
-1 -0.84270068974759
-0.984375 -0.836112757832261
-0.96875 -0.829319030548979
-0.953125 -0.822316499149344
-0.9375 -0.815102269382926
-0.921875 -0.80767356928809
-0.90625 -0.800027756976023
-0.890625 -0.792162328388496
-0.875 -0.784074925009414
-0.859375 -0.775763341509744
-0.84375 -0.767225533305043
-0.828125 -0.758459624004451
-0.8125 -0.749463912729804
-0.796875 -0.740236881283268
-0.78125 -0.730777201141808
-0.765625 -0.721083740256746
-0.75 -0.711155569636656
-0.734375 -0.700991969691978
-0.71875 -0.690592436319856
-0.703125 -0.679956686708001
-0.6875 -0.669084664836671
-0.671875 -0.657976546658275
-0.65625 -0.646632744934609
-0.640625 -0.635053913712271
-0.625 -0.623240952417462
-0.609375 -0.611195009552093
-0.59375 -0.598917485973922
-0.578125 -0.5864100377443
-0.5625 -0.57367457852806
-0.546875 -0.560713281531108
-0.53125 -0.547528580962327
-0.515625 -0.534123173007574
-0.5 -0.520500016304747
-0.484375 -0.506662331910174
-0.46875 -0.492613602747862
-0.453125 -0.478357572534555
-0.4375 -0.463898244174907
-0.421875 -0.449239877622579
-0.40625 -0.434386987204493
-0.390625 -0.41934433840704
-0.375 -0.40411694412452
-0.359375 -0.38871006037169
-0.34375 -0.37312918146381
-0.328125 -0.357380034669189
-0.3125 -0.341468574340735
-0.296875 -0.325400975534636
-0.28125 -0.309183627125788
-0.265625 -0.292823124431129
-0.25 -0.276326261353527
-0.234375 -0.259700022060334
-0.21875 -0.242951572212135
-0.203125 -0.226088249758601
-0.1875 -0.209117555319681
-0.171875 -0.192047142171631
-0.15625 -0.174884805858601
-0.140625 -0.157638473451622
-0.125 -0.140316192477912
-0.109375 -0.122926119544425
-0.09375 -0.105476508680438
-0.078125 -0.0879756994248498
-0.0625 -0.0704321046845497
-0.046875 -0.0528541983908957
-0.03125 -0.0352505029818697
-0.015625 -0.0176295767379393
0 0
0.015625 0.017629489782642
0.03125 0.0352503738673228
0.046875 0.0528540591564437
0.0625 0.0704319777223871
0.078125 0.0879755993157522
0.09375 0.10547644378178
0.109375 0.122926093354846
0.125 0.140316204801334
0.140625 0.15763852138168
0.15625 0.17488488460305
0.171875 0.192047245734756
0.1875 0.209117677059376
0.203125 0.226088382833397
0.21875 0.242951709932192
0.234375 0.259700158155188
0.25 0.276326390168237
0.265625 0.292823241061377
0.28125 0.309183727501461
0.296875 0.325401056460452
0.3125 0.341468633501595
0.328125 0.357380070607056
0.34375 0.373129193532178
0.359375 0.38871004867294
0.375 0.404116909434822
0.390625 0.419344282092802
0.40625 0.434386911133824
0.421875 0.449239784074694
0.4375 0.463898135749933
0.453125 0.478357452065755
0.46875 0.492613473217938
0.484375 0.506662196372918
0.5 0.520499877813047
0.515625 0.53412303454846
0.53125 0.547528445399545
0.546875 0.560713151555458
0.5625 0.573674456615592
0.578125 0.586409926122279
0.59375 0.598917386594351
0.609375 0.611194924072477
0.625 0.623240882188418
0.640625 0.6350538597715
0.65625 0.646632708006708
0.671875 0.657976527159837
0.6875 0.669084662886081
0.703125 0.679956702139344
0.71875 0.690592468700328
0.734375 0.700992018342241
0.75 0.711155633653523
0.765625 0.721083818537712
0.78125 0.730777292410849
0.796875 0.740236984117489
0.8125 0.749464025586373
0.828125 0.758459745247548
0.84375 0.767225661232344
0.859375 0.775763474378199
0.875 0.784075061059875
0.890625 0.792162465869148
0.90625 0.800027894164235
0.921875 0.807673704510658
0.9375 0.81510240103442
0.953125 0.82231662570851
0.96875 0.829319150593339
0.984375 0.836112870050399
1 0.842700792949742
1.015625 0.849086048257403
1.03125 0.855271822192171
1.046875 0.861261435783157
1.0625 0.867058278497129
1.078125 0.872665815885955
1.09375 0.878087582128046
1.109375 0.8833271726813
1.125 0.888388237061802
1.140625 0.893274471761669
1.15625 0.897989613317468
1.171875 0.902537431541809
1.1875 0.906921722927774
1.203125 0.911146304236268
1.21875 0.915215006275088
1.234375 0.919131667877759
1.25 0.92290013008888
1.265625 0.926524230562847
1.28125 0.930007798181082
1.296875 0.933354647889548
1.3125 0.936568575770507
1.328125 0.939653354333694
1.34375 0.942612728047269
1.359375 0.945450409098447
1.375 0.94817007338965
1.390625 0.950775356767709
1.40625 0.953269851486835
1.421875 0.955657102903665
1.4375 0.95794060640237
1.453125 0.960123804547312
1.46875 0.962210084459726
1.484375 0.964202775418163
1.5 0.966105146670713
1.515625 0.967920405466194
1.53125 0.969651695286359
1.546875 0.971302094287008
1.5625 0.972874613930535
1.578125 0.974372197812495
1.59375 0.975797720672687
1.609375 0.977153987580747
1.625 0.978443733301568
1.640625 0.97966962181742
1.65625 0.980834246012384
1.671875 0.981940127506918
1.6875 0.982989716636083
1.703125 0.98398539256511
1.71875 0.984929463533504
1.734375 0.985824167222843
1.75 0.986671671237959
1.765625 0.987474073697864
1.78125 0.988233403928314
1.796875 0.988951623237182
1.8125 0.989630625805433
1.828125 0.990272239621307
1.84375 0.990878227514739
1.859375 0.991450288249344
1.875 0.991990057675971
1.890625 0.992499109941907
1.90625 0.992978958751666
1.921875 0.993431058653884
1.9375 0.993856806401419
1.953125 0.994257542305319
1.96875 0.994634551638582
1.984375 0.994989066054126
2 0.995322265022516
2.015625 0.995635277282399
2.03125 0.995929182297442
2.046875 0.996205011725149
2.0625 0.996463750877127
2.078125 0.99670634018324
2.09375 0.996933676649761
2.109375 0.997146615306121
2.125 0.997345970642168
2.140625 0.997532518028641
2.15625 0.997706995125278
2.171875 0.997870103264359
2.1875 0.998022508817428
2.203125 0.9981648445363
2.21875 0.998297710874143
2.234375 0.998421677268142
2.25 0.998537283415457
2.265625 0.998645040501941
2.28125 0.998745432424694
2.296875 0.998838916902659
2.3125 0.99892592672291
2.328125 0.999006870783513
2.34375 0.999082135191983
2.359375 0.999152084314198
2.375 0.999217061790127
2.390625 0.99927739151664
2.40625 0.999333378597494
2.421875 0.999385310262074
2.4375 0.999433456750239
2.453125 0.999478072166334
2.46875 0.999519395297436
2.484375 0.99955765040381
2.5 0.999593047986299
2.515625 0.99962578550257
2.53125 0.99965604807218
2.546875 0.999684009144823
2.5625 0.999709831141425
2.578125 0.999733666062428
2.59375 0.999755656081671
2.609375 0.999775934096614
2.625 0.99979462426524
2.640625 0.999811842512839
2.65625 0.999827697016432
2.671875 0.999842288661579
2.6875 0.99985571148397
2.703125 0.99986805308139
2.71875 0.999879395008712
2.734375 0.999889813151252
2.75 0.999899378078748
2.765625 0.999908155386323
2.78125 0.999916205986639
2.796875 0.999923586494875
2.8125 0.999930349291751
2.828125 0.999936543095908
2.84375 0.99994221301129
2.859375 0.999947400816166
2.875 0.999952145187137
2.890625 0.9999564819093
2.90625 0.999960444073829
2.921875 0.999964062263793
2.9375 0.999967364728669
2.953125 0.999970377546872
2.96875 0.999973124780754
2.984375 0.999975628619144
3 0.99997790951209
