101 0.0158090901291389 0.0158090901291389
101.058 0.0158826536897084 0.0158826536897084
101.116 0.0159567316084696 0.0159567316084696
101.174 0.0160313286889825 0.0160313286889825
101.232 0.0161064497909802 0.0161064497909802
101.29 0.016182099831158 0.016182099831158
101.348 0.0162582837839766 0.0162582837839766
101.406 0.0163350066824774 0.0163350066824774
101.464 0.0164122736191123 0.0164122736191123
101.522 0.0164900897465862 0.0164900897465862
101.58 0.0165684602787143 0.0165684602787143
101.638 0.0166473904912935 0.0166473904912935
101.696 0.0167268857229875 0.0167268857229875
101.754 0.0168069513762281 0.0168069513762281
101.812 0.0168875929181305 0.0168875929181305
101.87 0.016968815881424 0.016968815881424
101.928 0.0170506258653993 0.0170506258653993
101.986 0.0171330285368706 0.0171330285368706
102.044 0.0172160296311544 0.0172160296311544
102.102 0.0172996349530656 0.0172996349530656
102.16 0.0173838503779292 0.0173838503779292
102.218 0.0174686818526102 0.0174686818526102
102.276 0.017554135396561 0.017554135396561
102.334 0.0176402171028859 0.0176402171028859
102.392 0.0177269331394252 0.0177269331394252
102.45 0.0178142897498565 0.0178142897498565
102.508 0.0179022932548161 0.0179022932548161
102.566 0.0179909500530394 0.0179909500530394
102.624 0.0180802666225205 0.0180802666225205
102.682 0.0181702495216931 0.0181702495216931
102.74 0.0182609053906306 0.0182609053906306
102.798 0.0183522409522686 0.0183522409522686
102.856 0.018444263013647 0.018444263013647
102.914 0.0185369784671759 0.0185369784671759
102.972 0.0186303942919221 0.0186303942919221
103.03 0.0187245175549191 0.0187245175549191
103.088 0.0188193554124998 0.0188193554124998
103.146 0.0189149151116537 0.0189149151116537
103.204 0.0190112039914067 0.0190112039914067
103.262 0.0191082294842269 0.0191082294842269
103.32 0.0192059991174547 0.0192059991174547
103.378 0.0193045205147586 0.0193045205147586
103.436 0.0194038013976174 0.0194038013976174
103.494 0.0195038495868287 0.0195038495868287
103.552 0.0196046730040445 0.0196046730040445
103.61 0.0197062796733353 0.0197062796733353
103.668 0.0198086777227818 0.0198086777227818
103.726 0.0199118753860956 0.0199118753860956
103.784 0.0200158810042696 0.0200158810042696
103.842 0.0201207030272589 0.0201207030272589
103.9 0.0202263500156915 0.0202263500156915
103.958 0.0203328306426115 0.0203328306426115
104.016 0.0204401536952536 0.0204401536952536
104.074 0.0205483280768506 0.0205483280768506
104.132 0.0206573628084745 0.0206573628084745
104.19 0.0207672670309116 0.0207672670309116
104.248 0.0208780500065724 0.0208780500065724
104.306 0.0209897211214372 0.0209897211214372
104.364 0.0211022898870383 0.0211022898870383
104.422 0.0212157659424787 0.0212157659424787
104.48 0.0213301590564897 0.0213301590564897
104.538 0.0214454791295266 0.0214454791295266
104.596 0.0215617361959039 0.0215617361959039
104.654 0.0216789404259717 0.0216789404259717
104.712 0.0217971021283327 0.0217971021283327
104.77 0.0219162317521017 0.0219162317521017
104.828 0.0220363398892087 0.0220363398892087
104.886 0.0221574372767451 0.0221574372767451
104.944 0.0222795347993562 0.0222795347993562
105.002 0.0224026434916786 0.0224026434916786
105.06 0.0225267745408259 0.0225267745408259
105.118 0.0226519392889211 0.0226519392889211
105.176 0.0227781492356796 0.0227781492356796
105.234000000001 0.0229054160410414 0.0229054160410414
105.292000000001 0.0230337515278557 0.0230337515278557
105.350000000001 0.0231631676846167 0.0231631676846167
105.408000000001 0.0232936766682549 0.0232936766682549
105.466000000001 0.0234252908069816 0.0234252908069816
105.524000000001 0.0235580226031909 0.0235580226031909
105.582000000001 0.0236918847364183 0.0236918847364183
105.640000000001 0.0238268900663585 0.0238268900663585
105.698000000001 0.0239630516359434 0.0239630516359434
105.756000000001 0.0241003826744809 0.0241003826744809
105.814000000001 0.0242388966008576 0.0242388966008576
105.872000000001 0.0243786070268045 0.0243786070268045
105.930000000001 0.0245195277602299 0.0245195277602299
105.988000000001 0.0246616728086185 0.0246616728086185
106.046000000001 0.0248050563824997 0.0248050563824997
106.104000000001 0.0249496928989871 0.0249496928989871
106.162000000001 0.0250955969853885 0.0250955969853885
106.220000000001 0.0252427834828914 0.0252427834828914
106.278000000001 0.0253912674503227 0.0253912674503227
106.336000000001 0.0255410641679867 0.0255410641679867
106.394000000001 0.025692189141581 0.025692189141581
106.452000000001 0.025844658106195 0.025844658106195
106.510000000001 0.0259984870303895 0.0259984870303895
106.568000000001 0.0261536921203624 0.0261536921203624
106.626000000001 0.026310289824201 0.026310289824201
106.684000000001 0.0264682968362227 0.0264682968362227
106.742000000001 0.0266277301014075 0.0266277301014075
106.800000000001 0.0267886068199235 0.0267886068199235
106.858000000001 0.0269509444517475 0.0269509444517475
106.916000000001 0.0271147607213842 0.0271147607213842
106.974000000001 0.027280073622685 0.027280073622685
107.032000000001 0.0274469014237693 0.0274469014237693
107.090000000001 0.0276152626720518 0.0276152626720518
107.148000000001 0.0277851761993765 0.0277851761993765
107.206000000001 0.0279566611272616 0.0279566611272616
107.264000000001 0.0281297368722572 0.0281297368722572
107.322000000001 0.0283044231514192 0.0283044231514192
107.380000000001 0.0284807399879016 0.0284807399879016
107.438000000001 0.0286587077166703 0.0286587077166703
107.496000000001 0.0288383469903423 0.0288383469903423
107.554000000001 0.0290196787851519 0.0290196787851519
107.612000000001 0.0292027244070485 0.0292027244070485
107.670000000001 0.0293875054979282 0.0293875054979282
107.728000000001 0.0295740440420039 0.0295740440420039
107.786000000001 0.0297623623723155 0.0297623623723155
107.844000000001 0.0299524831773858 0.0299524831773858
107.902000000001 0.0301444295080245 0.0301444295080245
107.960000000001 0.0303382247842842 0.0303382247842842
108.018000000001 0.030533892802573 0.030533892802573
108.076000000001 0.030731457742927 0.030731457742927
108.134000000001 0.0309309441764471 0.0309309441764471
108.192000000001 0.0311323770729045 0.0311323770729045
108.250000000001 0.0313357818085189 0.0313357818085189
108.308000000001 0.0315411841739142 0.0315411841739142
108.366000000001 0.0317486103822563 0.0317486103822563
108.424000000001 0.0319580870775778 0.0319580870775778
108.482000000001 0.0321696413432941 0.0321696413432941
108.540000000001 0.0323833007109167 0.0323833007109167
108.598000000001 0.0325990931689685 0.0325990931689685
108.656000000001 0.0328170471721058 0.0328170471721058
108.714000000001 0.0330371916504541 0.0330371916504541
108.772000000001 0.033259556019162 0.033259556019162
108.830000000001 0.0334841701881792 0.0334841701881792
108.888000000001 0.0337110645722659 0.0337110645722659
108.946000000001 0.0339402701012382 0.0339402701012382
109.004000000001 0.0341718182304566 0.0341718182304566
109.062000000001 0.0344057409515644 0.0344057409515644
109.120000000001 0.0346420708034829 0.0346420708034829
109.178000000001 0.0348808408836696 0.0348808408836696
109.236000000001 0.0351220848596474 0.0351220848596474
109.294000000001 0.0353658369808123 0.0353658369808123
109.352000000001 0.0356121320905264 0.0356121320905264
109.410000000001 0.0358610056385057 0.0358610056385057
109.468000000001 0.0361124936935087 0.0361124936935087
109.526000000001 0.0363666329563366 0.0363666329563366
109.584000000001 0.0366234607731522 0.0366234607731522
109.642000000001 0.0368830151491265 0.0368830151491265
109.700000000001 0.0371453347624236 0.0371453347624236
109.758000000001 0.037410458978532 0.037410458978532
109.816000000001 0.0376784278649523 0.0376784278649523
109.874000000001 0.0379492822062532 0.0379492822062532
109.932000000001 0.0382230635195032 0.0382230635195032
109.990000000001 0.0384998140700926 0.0384998140700926
110.048000000001 0.0387795768879528 0.0387795768879528
110.106000000001 0.0390623957841891 0.0390623957841891
110.164000000001 0.0393483153681342 0.0393483153681342
110.222000000001 0.0396373810648386 0.0396373810648386
110.280000000001 0.0399296391330085 0.0399296391330085
110.338000000001 0.0402251366834046 0.0402251366834046
110.396000000001 0.0405239216977163 0.0405239216977163
110.454000000001 0.0408260430479241 0.0408260430479241
110.512000000001 0.0411315505161657 0.0411315505161657
110.570000000001 0.0414404948151204 0.0414404948151204
110.628000000001 0.0417529276089266 0.0417529276089266
110.686000000001 0.04206890153465 0.04206890153465
110.744000000001 0.0423884702243178 0.0423884702243178
110.802000000001 0.0427116883275359 0.0427116883275359
110.860000000001 0.0430386115347076 0.0430386115347076
110.918000000001 0.043369296600872 0.043369296600872
110.976000000001 0.0437038013701801 0.0437038013701801
111.034000000001 0.0440421848010295 0.0440421848010295
111.092000000001 0.0443845069918764 0.0443845069918764
111.150000000001 0.0447308292077479 0.0447308292077479
111.208000000001 0.0450812139074741 0.0450812139074741
111.266000000001 0.0454357247716643 0.0454357247716643
111.324000000001 0.0457944267314485 0.0457944267314485
111.382000000001 0.0461573859980114 0.0461573859980114
111.440000000001 0.0465246700929396 0.0465246700929396
111.498000000001 0.0468963478794118 0.0468963478794118
111.556000000001 0.0472724895942564 0.0472724895942564
111.614000000001 0.0476531668809042 0.0476531668809042
111.672000000001 0.0480384528232662 0.0480384528232662
111.730000000001 0.0484284219805647 0.0484284219805647
111.788000000001 0.0488231504231499 0.0488231504231499
111.846000000001 0.0492227157693322 0.0492227157693322
111.904000000001 0.0496271972232649 0.0496271972232649
111.962000000001 0.0500366756139105 0.0500366756139105
112.020000000001 0.0504512334351266 0.0504512334351266
112.078000000001 0.0508709548869077 0.0508709548869077
112.136000000001 0.0512959259178224 0.0512959259178224
112.194000000001 0.0517262342686836 0.0517262342686836
112.252000000001 0.0521619695174943 0.0521619695174943
112.310000000001 0.0526032231257121 0.0526032231257121
112.368000000001 0.0530500884858743 0.0530500884858743
112.426000000001 0.0535026609706324 0.0535026609706324
112.484000000001 0.0539610379832413 0.0539610379832413
112.542000000001 0.0544253190095545 0.0544253190095545
112.600000000001 0.0548956056715755 0.0548956056715755
112.658000000001 0.0553720017826192 0.0553720017826192
112.716000000001 0.0558546134041386 0.0558546134041386
112.774000000001 0.0563435489042753 0.0563435489042753
112.832000000001 0.0568389190181912 0.0568389190181912
112.890000000001 0.0573408369102473 0.0573408369102473
112.948000000001 0.0578494182380902 0.0578494182380902
113.006000000001 0.0583647812187166 0.0583647812187166
113.064000000001 0.058887046696584 0.058887046696584
113.122000000001 0.0594163382138405 0.0594163382138405
113.180000000001 0.0599527820827498 0.0599527820827498
113.238000000001 0.060496507460389 0.060496507460389
113.296000000001 0.0610476464257017 0.0610476464257017
113.354000000001 0.0616063340589911 0.0616063340589911
113.412000000001 0.0621727085239416 0.0621727085239416
113.470000000001 0.0627469111522613 0.0627469111522613
113.528000000001 0.0633290865310403 0.0633290865310403
113.586000000002 0.0639193825929263 0.0639193825929263
113.644000000002 0.0645179507092204 0.0645179507092204
113.702000000002 0.0651249457860006 0.0651249457860006
113.760000000002 0.0657405263633883 0.0657405263633883
113.818000000002 0.066364854718073 0.066364854718073
113.876000000002 0.0669980969692183 0.0669980969692183
113.934000000002 0.0676404231878787 0.0676404231878787
113.992000000002 0.0682920075100572 0.0682920075100572
114.050000000002 0.0689530282535455 0.0689530282535455
114.108000000002 0.0696236680386902 0.0696236680386902
114.166000000002 0.0703041139132357 0.0703041139132357
114.224000000002 0.0709945574814031 0.0709945574814031
114.282000000002 0.0716951950373676 0.0716951950373676
114.340000000002 0.0724062277033081 0.0724062277033081
114.398000000002 0.073127861572206 0.073127861572206
114.456000000002 0.0738603078555825 0.0738603078555825
114.514000000002 0.0746037830363695 0.0746037830363695
114.572000000002 0.0753585090271162 0.0753585090271162
114.630000000002 0.0761247133337486 0.0761247133337486
114.688000000002 0.0769026292251007 0.0769026292251007
114.746000000002 0.0776924959084543 0.0776924959084543
114.804000000002 0.0784945587113284 0.0784945587113284
114.862000000002 0.0793090692697742 0.0793090692697742
114.920000000002 0.080136285723442 0.080136285723442
114.978000000002 0.0809764729176994 0.0809764729176994
115.036000000002 0.0818299026130919 0.0818299026130919
115.094000000002 0.0826968537024511 0.0826968537024511
115.152000000002 0.0835776124359719 0.0835776124359719
115.210000000002 0.0844724726545907 0.0844724726545907
115.268000000002 0.0853817360320189 0.0853817360320189
115.326000000002 0.0863057123257951 0.0863057123257951
115.384000000002 0.0872447196377439 0.0872447196377439
115.442000000002 0.0881990846842439 0.0881990846842439
115.500000000002 0.0891691430767267 0.0891691430767267
115.558000000002 0.0901552396128519 0.0901552396128519
115.616000000002 0.091157728578823 0.091157728578823
115.674000000002 0.0921769740633304 0.0921769740633304
115.732000000002 0.0932133502836366 0.0932133502836366
115.790000000002 0.0942672419243385 0.0942672419243385
115.848000000002 0.0953390444893715 0.0953390444893715
115.906000000002 0.0964291646678498 0.0964291646678498
115.964000000002 0.0975380207143627 0.0975380207143627
116.022000000002 0.0986660428443824 0.0986660428443824
116.080000000002 0.099813673645471 0.099813673645471
116.138000000002 0.100981368505008 0.100981368505008
116.196000000002 0.102169596055197 0.102169596055197
116.254000000002 0.103378838636157 0.103378838636157
116.312000000002 0.10460959277793 0.10460959277793
116.370000000002 0.105862369702294 0.105862369702294
116.428000000002 0.107137695845316 0.107137695845316
116.486000000002 0.108436113401619 0.108436113401619
116.544000000002 0.109758180891404 0.109758180891404
116.602000000002 0.111104473751305 0.111104473751305
116.660000000002 0.112475584950234 0.112475584950234
116.718000000002 0.113872125631419 0.113872125631419
116.776000000002 0.115294725781912 0.115294725781912
116.834000000002 0.116744034930911 0.116744034930911
116.892000000002 0.118220722878319 0.118220722878319
116.950000000002 0.119725480455026 0.119725480455026
117.008000000002 0.121259020316512 0.121259020316512
117.066000000002 0.12282207777143 0.12282207777143
117.124000000002 0.124415411646928 0.124415411646928
117.182000000002 0.126039805192596 0.126039805192596
117.240000000002 0.127696067024979 0.127696067024979
117.298000000002 0.129385032114765 0.129385032114765
117.356000000002 0.131107562818845 0.131107562818845
117.414000000002 0.132864549959563 0.132864549959563
117.472000000002 0.134656913953654 0.134656913953654
117.530000000002 0.136485605993456 0.136485605993456
117.588000000002 0.138351609283184 0.138351609283184
117.646000000002 0.140255940333194 0.140255940333194
117.704000000002 0.142199650315346 0.142199650315346
117.762000000002 0.144183826482767 0.144183826482767
117.820000000002 0.146209593657513 0.146209593657513
117.878000000002 0.148278115789841 0.148278115789841
117.936000000002 0.150390597593029 0.150390597593029
117.994000000002 0.152548286257934 0.152548286257934
118.052000000002 0.154752473251734 0.154752473251734
118.110000000002 0.157004496205568 0.157004496205568
118.168000000002 0.159305740896111 0.159305740896111
118.226000000002 0.161657643326409 0.161657643326409
118.284000000002 0.164061691911674 0.164061691911674
118.342000000002 0.16651942977607 0.16651942977607
118.400000000002 0.16903245716695 0.16903245716695
118.458000000002 0.171602433993381 0.171602433993381
118.516000000002 0.174231082496288 0.174231082496288
118.574000000002 0.176920190058001 0.176920190058001
118.632000000002 0.179671612159519 0.179671612159519
118.690000000002 0.18248727549436 0.18248727549436
118.748000000002 0.185369181248467 0.185369181248467
118.806000000002 0.188319408556282 0.188319408556282
118.864000000002 0.191340118143776 0.191340118143776
118.922000000002 0.194433556170004 0.194433556170004
118.980000000002 0.197602058279514 0.197602058279514
119.038000000002 0.200848053878818 0.200848053878818
119.096000000002 0.204174070651074 0.204174070651074
119.154000000002 0.207582739324104 0.207582739324104
119.212000000002 0.211076798707969 0.211076798707969
119.270000000002 0.214659101019487 0.214659101019487
119.328000000002 0.218332617512321 0.218332617512321
119.386000000002 0.222100444432645 0.222100444432645
119.444000000002 0.225965809321841 0.225965809321841
119.502000000002 0.229932077689283 0.229932077689283
119.560000000002 0.234002760079963 0.234002760079963
119.618000000002 0.238181519563585 0.238181519563585
119.676000000002 0.242472179673758 0.242472179673758
119.734000000002 0.246878732828091 0.246878732828091
119.792000000002 0.251405349262356 0.251405349262356
119.850000000002 0.256056386514465 0.256056386514465
119.908000000002 0.260836399496734 0.260836399496734
119.966000000002 0.265750151197995 0.265750151197995
120.024000000002 0.270802624060323 0.270802624060323
120.082000000002 0.275999032078756 0.275999032078756
120.140000000002 0.281344833676234 0.281344833676234
120.198000000002 0.28684574541021 0.28684574541021
120.256000000002 0.292507756571955 0.292507756571955
120.314000000002 0.298337144744608 0.298337144744608
120.372000000002 0.304340492391444 0.304340492391444
120.430000000002 0.310524704551775 0.310524704551775
120.488000000002 0.316897027728405 0.316897027728405
120.546000000002 0.323465070057608 0.323465070057608
120.604000000002 0.330236822860352 0.330236822860352
120.662000000002 0.337220683681935 0.337220683681935
120.720000000002 0.344425480936437 0.344425480936437
120.778000000002 0.351860500282514 0.351860500282514
120.836000000002 0.359535512868129 0.359535512868129
120.894000000002 0.367460805593937 0.367460805593937
120.952000000002 0.375647213558345 0.375647213558345
121.010000000002 0.384106154861836 0.384106154861836
121.068000000002 0.392849667964137 0.392849667964137
121.126000000002 0.401890451805375 0.401890451805375
121.184000000002 0.411241908921624 0.411241908921624
121.242000000002 0.420918191806452 0.420918191806452
121.300000000002 0.430934252793323 0.430934252793323
121.358000000002 0.441305897759349 0.441305897759349
121.416000000002 0.452049843979011 0.452049843979011
121.474000000002 0.463183782487487 0.463183782487487
121.532000000002 0.474726445347339 0.474726445347339
121.590000000002 0.486697678249847 0.486697678249847
121.648000000002 0.499118518923707 0.499118518923707
121.706000000002 0.512011281869336 0.512011281869336
121.764000000002 0.525399649987269 0.525399649987269
121.822000000002 0.539308773724459 0.539308773724459
121.880000000002 0.553765378423211 0.553765378423211
121.938000000003 0.568797880624659 0.568797880624659
121.996000000003 0.584436514152592 0.584436514152592
122.054000000003 0.600713466884857 0.600713466884857
122.112000000003 0.617663029209092 0.617663029209092
122.170000000003 0.635321755258012 0.635321755258012
122.228000000003 0.653728638127623 0.653728638127623
122.286000000003 0.672925300400375 0.672925300400375
122.344000000003 0.692956201425261 0.692956201425261
122.402000000003 0.713868862949049 0.713868862949049
122.460000000003 0.735714114847876 0.735714114847876
122.518000000003 0.758546362877277 0.758546362877277
122.576000000003 0.782423880541655 0.782423880541655
122.634000000003 0.807409127381892 0.807409127381892
122.692000000003 0.83356909619207 0.83356909619207
122.750000000003 0.860975691902857 0.860975691902857
122.808000000003 0.889706145109003 0.889706145109003
122.866000000003 0.919843463469539 0.919843463469539
122.924000000003 0.951476924468841 0.951476924468841
122.982000000003 0.984702613289701 0.984702613289701
123.040000000003 1.01962400980945 1.01962400980945
123.098000000003 1.05635262897695 1.05635262897695
123.156000000003 1.09500871904876 1.09500871904876
123.214000000003 1.13572202233839 1.13572202233839
123.272000000003 1.17863260323837 1.17863260323837
123.330000000003 1.2238917482778 1.2238917482778
123.388000000003 1.27166294283299 1.27166294283299
123.446000000003 1.32212292875852 1.32212292875852
123.504000000003 1.37546284657153 1.37546284657153
123.562000000003 1.43188946480455 1.43188946480455
123.620000000003 1.49162649760917 1.49162649760917
123.678000000003 1.55491600947454 1.55491600947454
123.736000000003 1.62201990280238 1.62201990280238
123.794000000003 1.6932214797707 1.6932214797707
123.852000000003 1.76882706406264 1.76882706406264
123.910000000003 1.84916766017512 1.84916766017512
123.968000000003 1.93460061757622 1.93460061757622
124.026000000003 2.02551125322348 2.02551125322348
124.084000000003 2.12231436798489 2.12231436798489
124.142000000003 2.22545556921161 2.22545556921161
124.200000000003 2.33541228175259 2.33541228175259
124.258000000003 2.45269429148024 2.45269429148024
124.316000000003 2.57784361706548 2.57784361706548
124.374000000003 2.71143344523657 2.71143344523657
124.432000000003 2.85406578990565 2.85406578990565
124.490000000003 3.00636744426947 3.00636744426947
124.548000000003 3.1689836856727 3.1689836856727
124.606000000003 3.34256906513597 3.34256906513597
124.664000000003 3.52777446852817 3.52777446852817
124.722000000003 3.72522947947673 3.72522947947673
124.780000000003 3.93551891598772 3.93551891598772
124.838000000003 4.15915227269488 4.15915227269488
124.896000000003 4.39652471029514 4.39652471029514
124.954000000003 4.64786824142178 4.64786824142178
125.012000000003 4.91319193754096 4.91319193754096
125.070000000003 5.19221041841052 5.19221041841052
125.128000000003 5.484260701887 5.484260701887
125.186000000003 5.78820882008626 5.78820882008626
125.244000000003 6.10234957325194 6.10234957325194
125.302000000003 6.42430546972489 6.42430546972489
125.360000000003 6.75093424422734 6.75093424422734
125.418000000003 7.07825809967293 7.07825809967293
125.476000000003 7.40143140798664 7.40143140798664
125.534000000003 7.71476607647032 7.71476607647032
125.592000000003 8.01183382528494 8.01183382528494
125.650000000003 8.28566076976244 8.28566076976244
125.708000000003 8.52902080549805 8.52902080549805
125.766000000003 8.73482016889277 8.73482016889277
125.824000000003 8.89654764895391 8.89654764895391
125.882000000003 9.00874668312659 9.00874668312659
125.940000000003 9.06745193305464 9.06745193305464
125.998000000003 9.07052899392388 9.07052899392388
126.056000000003 9.0178648505374 9.0178648505374
126.114000000003 8.91137810800278 8.91137810800278
126.172000000003 8.75484730242105 8.75484730242105
126.230000000003 8.55358531429123 8.55358531429123
126.288000000003 8.31401047910906 8.31401047910906
126.346000000003 8.04317541601698 8.04317541601698
126.404000000003 7.74831196726624 7.74831196726624
126.462000000003 7.43643783623676 7.43643783623676
126.520000000003 7.11405251489999 7.11405251489999
126.578000000003 6.78693195448565 6.78693195448565
126.636000000003 6.46001678740277 6.46001678740277
126.694000000003 6.13737942292776 6.13737942292776
126.752000000003 5.82225097838062 5.82225097838062
126.810000000003 5.51708868975419 5.51708868975419
126.868000000003 5.22366671911708 5.22366671911708
126.926000000003 4.94317679740835 4.94317679740835
126.984000000003 4.67632891089624 4.67632891089624
127.042000000003 4.42344564576788 4.42344564576788
127.100000000003 4.18454656076299 4.18454656076299
127.158000000003 3.95942099911148 3.95942099911148
127.216000000003 3.74768914357434 3.74768914357434
127.274000000003 3.54885198426208 3.54885198426208
127.332000000003 3.36233134138127 3.36233134138127
127.390000000003 3.18750128407937 3.18750128407937
127.448000000003 3.02371230884097 3.02371230884097
127.506000000003 2.87030955858517 2.87030955858517
127.564000000003 2.72664622720953 2.72664622720953
127.622000000003 2.59209313705786 2.59209313705786
127.680000000003 2.46604531911526 2.46604531911526
127.738000000003 2.34792627916822 2.34792627916822
127.796000000003 2.2371905032858 2.2371905032858
127.854000000003 2.1333246446186 2.1333246446186
127.912000000003 2.03584774031931 2.03584774031931
127.970000000003 1.94431073083062 1.94431073083062
128.028000000003 1.85829549181378 1.85829549181378
128.086000000003 1.77741353942715 1.77741353942715
128.144000000003 1.70130453042704 1.70130453042704
128.202000000003 1.62963464778027 1.62963464778027
128.260000000003 1.5620949385222 1.5620949385222
128.318000000003 1.49839965209791 1.49839965209791
128.376000000003 1.43828461325187 1.43828461325187
128.434000000003 1.38150565276066 1.38150565276066
128.492000000003 1.32783711118846 1.32783711118846
128.550000000003 1.27707042479316 1.27707042479316
128.608000000003 1.22901279825117 1.22901279825117
128.666000000003 1.18348596563086 1.18348596563086
128.724000000003 1.14032503873924 1.14032503873924
128.782000000003 1.09937744036696 1.09937744036696
128.840000000003 1.06050191888957 1.06050191888957
128.898000000003 1.0235676400123 1.0235676400123
128.956000000003 0.988453351067622 0.988453351067622
129.014000000003 0.955046613110855 0.955046613110855
129.072000000003 0.923243096048022 0.923243096048022
129.130000000003 0.892945932126475 0.892945932126475
129.188000000003 0.864065123288127 0.864065123288127
129.246000000003 0.83651699810166 0.83651699810166
129.304000000003 0.810223714234735 0.810223714234735
129.362000000003 0.785112802686201 0.785112802686201
129.420000000003 0.76111675026134 0.76111675026134
129.478000000003 0.738172617033357 0.738172617033357
129.536000000003 0.716221685786625 0.716221685786625
129.594000000003 0.695209140678383 0.695209140678383
129.652000000003 0.675083772583721 0.675083772583721
129.710000000003 0.655797708802568 0.655797708802568
129.768000000003 0.637306165006652 0.637306165006652
129.826000000003 0.619567217489007 0.619567217489007
129.884000000003 0.602541593948905 0.602541593948905
129.942000000003 0.586192481201648 0.586192481201648
130.000000000003 0.570485348346234 0.570485348346234
130.058000000003 0.555387784055131 0.555387784055131
130.116000000003 0.54086934677032 0.54086934677032
130.174000000003 0.526901426698979 0.526901426698979
130.232000000003 0.513457118601681 0.513457118601681
130.290000000003 0.500511104456484 0.500511104456484
130.348000000003 0.488039545164499 0.488039545164499
130.406000000003 0.476019980537297 0.476019980537297
130.464000000003 0.464431236874332 0.464431236874332
130.522000000003 0.453253341500169 0.453253341500169
130.580000000003 0.442467443687223 0.442467443687223
130.638000000003 0.432055741440462 0.432055741440462
130.696000000003 0.422001413666596 0.422001413666596
130.754000000003 0.412288557292087 0.412288557292087
130.812000000003 0.402902128932283 0.402902128932283
130.870000000003 0.393827890748464 0.393827890748464
130.928000000003 0.385052360160886 0.385052360160886
130.986000000003 0.376562763114418 0.376562763114418
131.044000000003 0.368346990619158 0.368346990619158
131.102000000003 0.360393558312033 0.360393558312033
131.160000000003 0.352691568806691 0.352691568806691
131.218000000003 0.345230676618563 0.345230676618563
131.276000000003 0.338001055469629 0.338001055469629
131.334000000003 0.33099336779363 0.33099336779363
131.392000000003 0.324198736277168 0.324198736277168
131.450000000003 0.317608717285579 0.317608717285579
131.508000000003 0.311215276034688 0.311215276034688
131.566000000003 0.305010763380781 0.305010763380781
131.624000000003 0.2989878941113 0.2989878941113
131.682000000003 0.293139726628126 0.293139726628126
131.740000000003 0.287459643923844 0.287459643923844
131.798000000003 0.281941335759186 0.281941335759186
131.856000000003 0.276578781957012 0.276578781957012
131.914000000003 0.2713662367347 0.2713662367347
131.972000000003 0.266298214002858 0.266298214002858
132.030000000003 0.261369473563738 0.261369473563738
132.088000000003 0.256575008147788 0.256575008147788
132.146000000003 0.251910031231417 0.251910031231417
132.204000000003 0.24736996558328 0.24736996558328
132.262000000003 0.242950432490333 0.242950432490333
132.320000000003 0.238647241618469 0.238647241618469
132.378000000003 0.234456381465864 0.234456381465864
132.436000000003 0.230374010370223 0.230374010370223
132.494000000003 0.226396448033883 0.226396448033883
132.552000000003 0.222520167533351 0.222520167533351
132.610000000003 0.218741787782211 0.218741787782211
132.668000000003 0.215058066418542 0.215058066418542
132.726000000003 0.211465893090008 0.211465893090008
132.784000000003 0.207962283111671 0.207962283111671
132.842000000003 0.204544371473287 0.204544371473287
132.900000000003 0.201209407174459 0.201209407174459
132.958000000003 0.197954747867492 0.197954747867492
133.016000000003 0.194777854789174 0.194777854789174
133.074000000003 0.191676287963963 0.191676287963963
133.132000000003 0.188647701662242 0.188647701662242
133.190000000003 0.185689840098389 0.185689840098389
133.248000000003 0.182800533354421 0.182800533354421
133.306000000003 0.179977693515902 0.179977693515902
133.364000000003 0.177219311007681 0.177219311007681
133.422000000003 0.174523451117828 0.174523451117828
133.480000000003 0.171888250698886 0.171888250698886
133.538000000003 0.169311915036253 0.169311915036253
133.596000000003 0.166792714874165 0.166792714874165
133.654000000003 0.164328983590343 0.164328983590343
133.712000000003 0.161919114510925 0.161919114510925
133.770000000003 0.15956155835785 0.15956155835785
133.828000000003 0.157254820821316 0.157254820821316
133.886000000002 0.154997460250411 0.154997460250411
133.944000000002 0.152788085455439 0.152788085455439
134.002000000002 0.15062535361583 0.15062535361583
134.060000000002 0.148507968287939 0.148507968287939
134.118000000002 0.146434677507332 0.146434677507332
134.176000000002 0.144404271980522 0.144404271980522
134.234000000002 0.142415583361386 0.142415583361386
134.292000000002 0.140467482607794 0.140467482607794
134.350000000002 0.138558878414235 0.138558878414235
134.408000000002 0.136688715716481 0.136688715716481
134.466000000002 0.134855974264535 0.134855974264535
134.524000000002 0.133059667260362 0.133059667260362
134.582000000002 0.131298840057071 0.131298840057071
134.640000000002 0.129572568916415 0.129572568916415
134.698000000002 0.127879959821671 0.127879959821671
134.756000000002 0.126220147343094 0.126220147343094
134.814000000002 0.124592293553326 0.124592293553326
134.872000000002 0.122995586990277 0.122995586990277
134.930000000002 0.121429241665113 0.121429241665113
134.988000000002 0.119892496113161 0.119892496113161
135.046000000002 0.118384612485608 0.118384612485608
135.104000000002 0.116904875680026 0.116904875680026
135.162000000002 0.11545259250784 0.11545259250784
135.220000000002 0.114027090896975 0.114027090896975
135.278000000002 0.112627719127982 0.112627719127982
135.336000000002 0.111253845102078 0.111253845102078
135.394000000002 0.109904855639568 0.109904855639568
135.452000000002 0.108580155807243 0.108580155807243
135.510000000002 0.107279168273385 0.107279168273385
135.568000000002 0.106001332689112 0.106001332689112
135.626000000002 0.104746105094826 0.104746105094826
135.684000000002 0.103512957350634 0.103512957350634
135.742000000002 0.102301376589631 0.102301376589631
135.800000000002 0.101110864693012 0.101110864693012
135.858000000002 0.0999409377860279 0.0999409377860279
135.916000000002 0.0987911257538431 0.0987911257538431
135.974000000002 0.0976609717764123 0.0976609717764123
136.032000000002 0.0965500318815258 0.0965500318815258
136.090000000002 0.0954578745152217 0.0954578745152217
136.148000000002 0.094384080128801 0.094384080128801
136.206000000002 0.0933282407817184 0.0933282407817184
136.264000000002 0.0922899597596585 0.0922899597596585
136.322000000002 0.0912688512071394 0.0912688512071394
136.380000000002 0.0902645397740179 0.0902645397740179
136.438000000002 0.0892766602753007 0.0892766602753007
136.496000000002 0.0883048573636942 0.0883048573636942
136.554000000002 0.087348785214353 0.087348785214353
136.612000000002 0.086408107221311 0.086408107221311
136.670000000002 0.0854824957051063 0.0854824957051063
136.728000000002 0.0845716316311314 0.0845716316311314
136.786000000002 0.0836752043382624 0.0836752043382624
136.844000000002 0.0827929112773436 0.0827929112773436
136.902000000002 0.0819244577591202 0.0819244577591202
136.960000000002 0.0810695567112333 0.0810695567112333
137.018000000002 0.0802279284439081 0.0802279284439081
137.076000000002 0.0793993004239819 0.0793993004239819
137.134000000002 0.0785834070569363 0.0785834070569363
137.192000000002 0.0777799894766117 0.0777799894766117
137.250000000002 0.0769887953422976 0.0769887953422976
137.308000000002 0.0762095786429047 0.0762095786429047
137.366000000002 0.0754420995079395 0.0754420995079395
137.424000000002 0.0746861240250128 0.0746861240250128
137.482000000002 0.0739414240636262 0.0739414240636262
137.540000000002 0.0732077771049916 0.0732077771049916
137.598000000002 0.0724849660776499 0.0724849660776499
137.656000000002 0.0717727791986641 0.0717727791986641
137.714000000002 0.0710710098201732 0.0710710098201732
137.772000000002 0.0703794562811006 0.0703794562811006
137.830000000002 0.0696979217638219 0.0696979217638219
137.888000000002 0.0690262141556031 0.0690262141556031
137.946000000002 0.0683641459146287 0.0683641459146287
138.004000000002 0.067711533940449 0.067711533940449
138.062000000002 0.0670681994486787 0.0670681994486787
138.120000000002 0.066433967849791 0.066433967849791
138.178000000002 0.0658086686318537 0.0658086686318537
138.236000000002 0.0651921352470619 0.0651921352470619
138.294000000002 0.0645842050019291 0.0645842050019291
138.352000000002 0.0639847189510015 0.0639847189510015
138.410000000002 0.0633935217939676 0.0633935217939676
138.468000000002 0.0628104617760404 0.0628104617760404
138.526000000002 0.062235390591494 0.062235390591494
138.584000000002 0.0616681632902399 0.0616681632902399
138.642000000002 0.0611086381873373 0.0611086381873373
138.700000000002 0.0605566767753291 0.0605566767753291
138.758000000002 0.0600121436393063 0.0600121436393063
138.816000000002 0.0594749063746029 0.0594749063746029
138.874000000002 0.05894483550703 0.05894483550703
138.932000000002 0.0584218044155583 0.0584218044155583
138.990000000002 0.057905689257366 0.057905689257366
139.048000000002 0.057396368895168 0.057396368895168
139.106000000002 0.0568937248267488 0.0568937248267488
139.164000000002 0.0563976411166223 0.0563976411166223
139.222000000002 0.0559080043297467 0.0559080043297467
139.280000000002 0.0554247034672233 0.0554247034672233
139.338000000002 0.054947629903912 0.054947629903912
139.396000000002 0.0544766773278995 0.0544766773278995
139.454000000002 0.0540117416817559 0.0540117416817559
139.512000000002 0.0535527211055223 0.0535527211055223
139.570000000002 0.0530995158813684 0.0530995158813684
139.628000000002 0.0526520283798672 0.0526520283798672
139.686000000002 0.0522101630078318 0.0522101630078318
139.744000000002 0.0517738261576626 0.0517738261576626
139.802000000002 0.051342926158156 0.051342926158156
139.860000000002 0.0509173732267262 0.0509173732267262
139.918000000002 0.0504970794229938 0.0504970794229938
139.976000000002 0.0500819586036974 0.0500819586036974
140.034000000002 0.0496719263788849 0.0496719263788849
140.092000000002 0.0492669000693433 0.0492669000693433
140.150000000002 0.0488667986652271 0.0488667986652271
140.208000000002 0.0484715427858474 0.0484715427858474
140.266000000002 0.0480810546405847 0.0480810546405847
140.324000000002 0.0476952579908883 0.0476952579908883
140.382000000002 0.0473140781133309 0.0473140781133309
140.440000000002 0.0469374417636812 0.0469374417636812
140.498000000002 0.0465652771419671 0.0465652771419671
140.556000000002 0.0461975138584939 0.0461975138584939
140.614000000002 0.0458340829007918 0.0458340829007918
140.672000000002 0.0454749166014608 0.0454749166014608
140.730000000002 0.0451199486068876 0.0451199486068876
140.788000000002 0.0447691138468058 0.0447691138468058
140.846000000002 0.044422348504675 0.044422348504675
140.904000000002 0.0440795899888527 0.0440795899888527
140.962000000002 0.0437407769045354 0.0437407769045354
141.020000000002 0.0434058490264457 0.0434058490264457
141.078000000002 0.0430747472722425 0.0430747472722425
141.136000000002 0.0427474136766328 0.0427474136766328
141.194000000002 0.0424237913661636 0.0424237913661636
141.252000000002 0.0421038245346743 0.0421038245346743
141.310000000002 0.0417874584193895 0.0417874584193895
141.368000000002 0.041474639277633 0.041474639277633
141.426000000002 0.0411653143641456 0.0411653143641456
141.484000000002 0.040859431908987 0.040859431908987
141.542000000002 0.0405569410960074 0.0405569410960074
141.600000000002 0.0402577920418694 0.0402577920418694
141.658000000002 0.039961935775606 0.039961935775606
141.716000000002 0.0396693242186986 0.0396693242186986
141.774000000002 0.0393799101656596 0.0393799101656596
141.832000000001 0.0390936472651058 0.0390936472651058
141.890000000001 0.0388104900013076 0.0388104900013076
141.948000000001 0.0385303936762009 0.0385303936762009
142.006000000001 0.0382533143918493 0.0382533143918493
142.064000000001 0.0379792090333417 0.0379792090333417
142.122000000001 0.0377080352521151 0.0377080352521151
142.180000000001 0.0374397514496899 0.0374397514496899
142.238000000001 0.0371743167618049 0.0371743167618049
142.296000000001 0.0369116910429433 0.0369116910429433
142.354000000001 0.036651834851236 0.036651834851236
142.412000000001 0.0363947094337337 0.0363947094337337
142.470000000001 0.0361402767120374 0.0361402767120374
142.528000000001 0.0358884992682755 0.0358884992682755
142.586000000001 0.0356393403314207 0.0356393403314207
142.644000000001 0.0353927637639355 0.0353927637639355
142.702000000001 0.0351487340487375 0.0351487340487375
142.760000000001 0.0349072162764768 0.0349072162764768
142.818000000001 0.0346681761331159 0.0346681761331159
142.876000000001 0.0344315798878042 0.0344315798878042
142.934000000001 0.03419739438104 0.03419739438104
142.992000000001 0.0339655870131107 0.0339655870131107
143.050000000001 0.0337361257328049 0.0337361257328049
143.108000000001 0.0335089790263892 0.0335089790263892
143.166000000001 0.0332841159068419 0.0332841159068419
143.224000000001 0.033061505903337 0.033061505903337
143.282000000001 0.0328411190509725 0.0328411190509725
143.340000000001 0.0326229258807357 0.0326229258807357
143.398000000001 0.0324068974096999 0.0324068974096999
143.456000000001 0.0321930051314459 0.0321930051314459
143.514000000001 0.0319812210067031 0.0319812210067031
143.572000000001 0.0317715174542039 0.0317715174542039
143.630000000001 0.0315638673417459 0.0315638673417459
143.688000000001 0.0313582439774569 0.0313582439774569
143.746000000001 0.0311546211012572 0.0311546211012572
143.804000000001 0.0309529728765144 0.0309529728765144
143.862000000001 0.030753273881885 0.030753273881885
143.920000000001 0.0305554991033391 0.0305554991033391
143.978000000001 0.030359623926363 0.030359623926363
144.036000000001 0.0301656241283346 0.0301656241283346
144.094000000001 0.0299734758710686 0.0299734758710686
144.152000000001 0.029783155693526 0.029783155693526
144.210000000001 0.0295946405046844 0.0295946405046844
144.268000000001 0.0294079075765648 0.0294079075765648
144.326000000001 0.0292229345374107 0.0292229345374107
144.384000000001 0.029039699365017 0.029039699365017
144.442000000001 0.0288581803802031 0.0288581803802031
144.500000000001 0.0286783562404283 0.0286783562404283
144.558000000001 0.0285002059335446 0.0285002059335446
144.616000000001 0.0283237087716845 0.0283237087716845
144.674000000001 0.0281488443852809 0.0281488443852809
144.732000000001 0.0279755927172135 0.0279755927172135
144.790000000001 0.0278039340170818 0.0278039340170818
144.848000000001 0.0276338488355995 0.0276338488355995
144.906000000001 0.0274653180191076 0.0274653180191076
144.964000000001 0.0272983227042043 0.0272983227042043
145.022000000001 0.0271328443124878 0.0271328443124878
145.080000000001 0.0269688645454098 0.0269688645454098
145.138000000001 0.0268063653792375 0.0268063653792375
145.196000000001 0.0266453290601198 0.0266453290601198
145.254000000001 0.0264857380992582 0.0264857380992582
145.312000000001 0.0263275752681762 0.0263275752681762
145.370000000001 0.0261708235940883 0.0261708235940883
145.428000000001 0.0260154663553639 0.0260154663553639
145.486000000001 0.025861487077085 0.025861487077085
145.544000000001 0.0257088695266954 0.0257088695266954
145.602000000001 0.0255575977097385 0.0255575977097385
145.660000000001 0.0254076558656829 0.0254076558656829
145.718000000001 0.0252590284638325 0.0252590284638325
145.776000000001 0.02511170019932 0.02511170019932
145.834000000001 0.0249656559891817 0.0249656559891817
145.892000000001 0.0248208809685109 0.0248208809685109
145.950000000001 0.0246773604866898 0.0246773604866898
146.008000000001 0.0245350801036963 0.0245350801036963
146.066000000001 0.0243940255864849 0.0243940255864849
146.124000000001 0.0242541829054405 0.0242541829054405
146.182000000001 0.0241155382309019 0.0241155382309019
146.240000000001 0.0239780779297549 0.0239780779297549
146.298000000001 0.0238417885620929 0.0238417885620929
146.356000000001 0.0237066568779435 0.0237066568779435
146.414000000001 0.0235726698140587 0.0235726698140587
146.472000000001 0.0234398144907696 0.0234398144907696
146.530000000001 0.0233080782089015 0.0233080782089015
146.588000000001 0.0231774484467499 0.0231774484467499
146.646000000001 0.0230479128571148 0.0230479128571148
146.704000000001 0.0229194592643936 0.0229194592643936
146.762000000001 0.0227920756617291 0.0227920756617291
146.820000000001 0.0226657502082134 0.0226657502082134
146.878000000001 0.0225404712261454 0.0225404712261454
146.936000000001 0.0224162271983414 0.0224162271983414
146.994000000001 0.0222930067654961 0.0222930067654961
147.052000000001 0.0221707987235954 0.0221707987235954
147.110000000001 0.0220495920213778 0.0220495920213778
147.168000000001 0.0219293757578439 0.0219293757578439
147.226000000001 0.0218101391798132 0.0218101391798132
147.284000000001 0.0216918716795277 0.0216918716795277
147.342000000001 0.0215745627922999 0.0215745627922999
147.400000000001 0.0214582021942051 0.0214582021942051
147.458000000001 0.0213427796998177 0.0213427796998177
147.516000000001 0.0212282852599886 0.0212282852599886
147.574000000001 0.0211147089596653 0.0211147089596653
147.632000000001 0.021002041015752 0.021002041015752
147.690000000001 0.0208902717750091 0.0208902717750091
147.748000000001 0.020779391711992 0.020779391711992
147.806000000001 0.020669391427028 0.020669391427028
147.864000000001 0.0205602616442303 0.0205602616442303
147.922000000001 0.0204519932095478 0.0204519932095478
147.980000000001 0.0203445770888522 0.0203445770888522
148.038000000001 0.0202380043660584 0.0202380043660584
148.096000000001 0.0201322662412801 0.0201322662412801
148.154000000001 0.0200273540290184 0.0200273540290184
148.212000000001 0.0199232591563839 0.0199232591563839
148.270000000001 0.0198199731613501 0.0198199731613501
148.328000000001 0.0197174876910389 0.0197174876910389
148.386000000001 0.0196157945000366 0.0196157945000366
148.444000000001 0.0195148854487406 0.0195148854487406
148.502000000001 0.0194147525017346 0.0194147525017346
148.560000000001 0.0193153877261945 0.0193153877261945
148.618000000001 0.019216783290321 0.019216783290321
148.676000000001 0.0191189314618008 0.0191189314618008
148.734000000001 0.0190218246062955 0.0190218246062955
148.792000000001 0.0189254551859562 0.0189254551859562
148.850000000001 0.0188298157579648 0.0188298157579648
148.908000000001 0.0187348989731013 0.0187348989731013
148.966000000001 0.0186406975743355 0.0186406975743355
149.024000000001 0.0185472043954439 0.0185472043954439
149.082000000001 0.0184544123596505 0.0184544123596505
149.140000000001 0.0183623144782911 0.0183623144782911
149.198000000001 0.0182709038495012 0.0182709038495012
149.256000000001 0.0181801736569261 0.0181801736569261
149.314000000001 0.0180901171684543 0.0180901171684543
149.372000000001 0.018000727734971 0.018000727734971
149.430000000001 0.0179119987891349 0.0179119987891349
149.488000000001 0.0178239238441748 0.0178239238441748
149.546000000001 0.0177364964927071 0.0177364964927071
149.604000000001 0.0176497104055736 0.0176497104055736
149.662000000001 0.017563559330699 0.017563559330699
149.720000000001 0.0174780370919679 0.0174780370919679
149.778000000001 0.0173931375881204 0.0173931375881204
149.836 0.0173088547916672 0.0173088547916672
149.894 0.0172251827478221 0.0172251827478221
149.952 0.0171421155734532 0.0171421155734532
150.01 0.0170596474560509 0.0170596474560509
150.068 0.0169777726527144 0.0169777726527144
150.126 0.0168964854891537 0.0168964854891537
150.184 0.016815780358709 0.016815780358709
150.242 0.0167356517213869 0.0167356517213869
150.3 0.0166560941029111 0.0166560941029111
150.358 0.0165771020937907 0.0165771020937907
150.416 0.016498670348402 0.016498670348402
150.474 0.0164207935840869 0.0164207935840869
150.532 0.0163434665802653 0.0163434665802653
150.59 0.0162666841775623 0.0162666841775623
150.648 0.0161904412769497 0.0161904412769497
150.706 0.0161147328389016 0.0161147328389016
150.764 0.0160395538825631 0.0160395538825631
150.822 0.0159648994849339 0.0159648994849339
150.88 0.0158907647800631 0.0158907647800631
150.938 0.0158171449582594 0.0158171449582594
150.996 0.0157440352653116 0.0157440352653116
151.054 0.015671431001724 0.015671431001724
151.112 0.0155993275219618 0.0155993275219618
151.17 0.0155277202337107 0.0155277202337107
151.228 0.0154566045971467 0.0154566045971467
151.286 0.0153859761242183 0.0153859761242183
151.344 0.0153158303779404 0.0153158303779404
151.402 0.0152461629716984 0.0152461629716984
151.46 0.0151769695685645 0.0151769695685645
151.518 0.015108245880624 0.015108245880624
151.576 0.0150399876683123 0.0150399876683123
151.634 0.0149721907397628 0.0149721907397628
151.692 0.0149048509501648 0.0149048509501648
151.75 0.014837964201131 0.014837964201131
151.808 0.0147715264400756 0.0147715264400756
151.866 0.0147055336596016 0.0147055336596016
151.924 0.014639981896898 0.014639981896898
151.982 0.014574867233146 0.014574867233146
152.04 0.0145101857929347 0.0145101857929347
152.098 0.0144459337436857 0.0144459337436857
152.156 0.0143821072950862 0.0143821072950862
152.214 0.0143187026985319 0.0143187026985319
152.272 0.0142557162465772 0.0142557162465772
152.33 0.0141931442723945 0.0141931442723945
152.388 0.0141309831492416 0.0141309831492416
152.446 0.0140692292899375 0.0140692292899375
152.504 0.0140078791463459 0.0140078791463459
152.562 0.0139469292088661 0.0139469292088661
152.62 0.013886376005933 0.013886376005933
152.678 0.0138262161035227 0.0138262161035227
152.736 0.0137664461046678 0.0137664461046678
152.794 0.0137070626489777 0.0137070626489777
152.852 0.0136480624121681 0.0136480624121681
152.91 0.0135894421055963 0.0135894421055963
152.968 0.0135311984758039 0.0135311984758039
153.026 0.0134733283040661 0.0134733283040661
153.084 0.0134158284059484 0.0134158284059484
153.142 0.0133586956308688 0.0133586956308688
153.2 0.0133019268616676 0.0133019268616676
153.258 0.0132455190141825 0.0132455190141825
153.316 0.013189469036831 0.013189469036831
153.374 0.0131337739101983 0.0131337739101983
153.432 0.0130784306466313 0.0130784306466313
153.49 0.0130234362898389 0.0130234362898389
153.548 0.012968787914498 0.012968787914498
153.606 0.012914482625865 0.012914482625865
153.664 0.0128605175593934 0.0128605175593934
153.722 0.0128068898803567 0.0128068898803567
153.78 0.0127535967834766 0.0127535967834766
153.838 0.0127006354925573 0.0127006354925573
153.896 0.0126480032601242 0.0126480032601242
153.954 0.0125956973670686 0.0125956973670686
154.012 0.0125437151222966 0.0125437151222966
154.07 0.0124920538623843 0.0124920538623843
154.128 0.0124407109512367 0.0124407109512367
154.186 0.0123896837797523 0.0123896837797523
154.244 0.0123389697654923 0.0123389697654923
154.302 0.0122885663523543 0.0122885663523543
154.36 0.0122384710102508 0.0122384710102508
154.418 0.0121886812347922 0.0121886812347922
154.476 0.0121391945469746 0.0121391945469746
154.534 0.0120900084928718 0.0120900084928718
154.592 0.0120411206433311 0.0120411206433311
154.65 0.0119925285936746 0.0119925285936746
154.708 0.0119442299634036 0.0119442299634036
154.766 0.0118962223959076 0.0118962223959076
154.824 0.0118485035581775 0.0118485035581775
154.882 0.0118010711405225 0.0118010711405225
154.94 0.0117539228562911 0.0117539228562911
154.998 0.0117070564415962 0.0117070564415962
155.056 0.0116604696550436 0.0116604696550436
155.114 0.0116141602774644 0.0116141602774644
155.172 0.0115681261116514 0.0115681261116514
155.23 0.0115223649820988 0.0115223649820988
155.288 0.0114768747347456 0.0114768747347456
155.346 0.0114316532367227 0.0114316532367227
155.404 0.0113866983761029 0.0113866983761029
155.462 0.0113420080616552 0.0113420080616552
155.52 0.0112975802226017 0.0112975802226017
155.578 0.0112534128083784 0.0112534128083784
155.636 0.0112095037883987 0.0112095037883987
155.694 0.0111658511518204 0.0111658511518204
155.752 0.0111224529073162 0.0111224529073162
155.81 0.0110793070828465 0.0110793070828465
155.868 0.0110364117254361 0.0110364117254361
155.926 0.0109937649009534 0.0109937649009534
155.984 0.0109513646938928 0.0109513646938928
156.042 0.0109092092071598 0.0109092092071598
156.1 0.0108672965618594 0.0108672965618594
156.158 0.0108256248970868 0.0108256248970868
156.216 0.0107841923697214 0.0107841923697214
156.274 0.010742997154223 0.010742997154223
156.332 0.0107020374424315 0.0107020374424315
156.39 0.0106613114433685 0.0106613114433685
156.448 0.0106208173830418 0.0106208173830418
156.506 0.0105805535042526 0.0105805535042526
156.564 0.0105405180664051 0.0105405180664051
156.622 0.0105007093453189 0.0105007093453189
156.68 0.0104611256330434 0.0104611256330434
156.738 0.010421765237675 0.010421765237675
156.796 0.0103826264831764 0.0103826264831764
156.854 0.0103437077091988 0.0103437077091988
156.912 0.0103050072709059 0.0103050072709059
156.97 0.0102665235388001 0.0102665235388001
157.028 0.0102282548985519 0.0102282548985519
157.086 0.0101901997508301 0.0101901997508301
157.144 0.0101523565111353 0.0101523565111353
157.202 0.0101147236096356 0.0101147236096356
157.26 0.0100772994910032 0.0100772994910032
157.318 0.0100400826142545 0.0100400826142545
157.376 0.0100030714525919 0.0100030714525919
157.434 0.00996626449324667 0.00996626449324667
157.492 0.00992966023732538 0.00992966023732538
157.55 0.00989325719965709 0.00989325719965709
157.608 0.00985705390864303 0.00985705390864303
157.666 0.00982104890610811 0.00982104890610811
157.724 0.00978524074715429 0.00978524074715429
157.781999999999 0.0097496280000158 0.0097496280000158
157.839999999999 0.00971420924591627 0.00971420924591627
157.897999999999 0.00967898307892759 0.00967898307892759
157.955999999999 0.0096439481058306 0.0096439481058306
158.013999999999 0.00960910294597754 0.00960910294597754
158.071999999999 0.0095744462311562 0.0095744462311562
158.129999999999 0.00953997660545581 0.00953997660545581
158.187999999999 0.00950569272513459 0.00950569272513459
158.245999999999 0.00947159325848902 0.00947159325848902
158.303999999999 0.00943767688572463 0.00943767688572463
158.361999999999 0.00940394229882853 0.00940394229882853
158.419999999999 0.00937038820144345 0.00937038820144345
158.477999999999 0.00933701330874336 0.00933701330874336
158.535999999999 0.00930381634731066 0.00930381634731066
158.593999999999 0.00927079605501488 0.00927079605501488
158.651999999999 0.00923795118089287 0.00923795118089287
158.709999999999 0.00920528048503046 0.00920528048503046
158.767999999999 0.00917278273844566 0.00917278273844566
158.825999999999 0.00914045672297316 0.00914045672297316
158.883999999999 0.00910830123115039 0.00910830123115039
158.941999999999 0.00907631506610488 0.00907631506610488
