1 1.29179122106405
1 1.29179122106405
1 1.29179122106405
1 1.29179122106405
1 1.29179122106405
1 1.29179122106405
2 0.913434332291637
2 0.913434332291637
2 0.913434332291637
2 0.913434332291637
3 0.745816009218122
3 0.745816009218122
4 0.645895610532023
4 0.645895610532023
5 0.577706596607333
5 0.577706596607333
6 0.527371557635623
7 0.488251188107418
8 0.456717166145819
9 0.430597073688015
10 0.408500251997246
11 0.389489707976772
12 0.372908004609061
14 0.345245726033144
16 0.322947805266011
18 0.304478110763879
20 0.288853298303666
23 0.269357089544243
25 0.258358244212809
29 0.239879607649635
32 0.228358583072909
36 0.215298536844008
41 0.201743894568248
46 0.190464224577406
52 0.179139210951564
58 0.169620497237425
65 0.160226981249348
73 0.151192726451226
83 0.141792507441273
93 0.133952509592025
104 0.126670550840258
117 0.119426140634376
132 0.112435993873489
148 0.10618458427644
166 0.100262443533168
187 0.0944651297693651
210 0.0891420631517104
236 0.0840884461424584
265 0.0793541039068611
298 0.0748314562311305
335 0.07057809390849
376 0.0666190455568023
422 0.0628834127500656
475 0.0592714461975914
533 0.0559536889521245
599 0.0527811584043119
673 0.0497948922176066
756 0.0469819924809954
849 0.0443341599347934
954 0.0418232850045578
1072 0.0394543539254369
1204 0.0372288040747885
1353 0.0351191042698141
1519 0.0331446503449635
1707 0.0312662335931876
1917 0.0295040253375802
2154 0.0278336062581608
2420 0.0262593907548788
2718 0.0247780772488092
3053 0.023379161263854
3430 0.0220569403528965
3853 0.0208109940126108
4328 0.0196358046467719
4862 0.0185261361556949
5462 0.0174789959153581
6135 0.0164924450304872
6892 0.0155603619314751
7742 0.0146813416507395
8697 0.0138518440598567
9770 0.01306908091759
10974 0.01233132803342
12328 0.0116344542431881
13848 0.0109773826050413
15556 0.0103572238217109
17475 0.00977200626126164
19630 0.00922002670556084
22051 0.00869917733523311
24770 0.00820784838331543
27825 0.00774416757914712
31257 0.00730665635864315
35111 0.00689399127393268
39442 0.00650448421969061
44306 0.00613706972133686
49770 0.00579039923524787
55908 0.00546330379202905
62802 0.00515472607403627
70548 0.00486351181957769
79248 0.00458878989677718
89021 0.00432958324758977
100000 0.00408500251997246
