1 4 0 0.858407346410207 1 0 0
1 4 0 0.858407346410207 1 0 0
1 4 0 0.858407346410207 1 0 0
1 4 0 0.858407346410207 1 0 0
1 0 0 3.14159265358979 1 0 0
1 0 0 3.14159265358979 1 0 0
2 4 0 0.858407346410207 0.707106781186547 2 2
2 4 0 0.858407346410207 0.707106781186547 2 2
2 2 1.41421356237309 1.14159265358979 0.707106781186547 2 2
2 4 0 0.858407346410207 0.707106781186547 2 2
3 4 0 0.858407346410207 0.577350269189626 2.66666666666667 2.66666666666667
3 4 0 0.858407346410207 0.577350269189626 2.66666666666667 2.66666666666667
4 2 1 1.14159265358979 0.5 3 3
4 3 0.866025403784439 0.141592653589793 0.5 3 3
5 4 0 0.858407346410207 0.447213595499958 3.2 2.4
5 2.4 0.876356092008266 0.741592653589793 0.447213595499958 3.2 2.4
6 3.33333333333333 0.608580619450184 0.19174067974354 0.408248290463863 3.33333333333333 2
7 1.71428571428571 0.74817562366626 1.42730693930408 0.377964473009227 3.42857142857143 1.71428571428571
8 2.5 0.684653196881458 0.641592653589793 0.353553390593274 3.5 1.5
9 3.55555555555556 0.419026240703139 0.413962901965762 0.333333333333333 3.11111111111111 0.888888888888889
10 2.8 0.579655069847578 0.341592653589793 0.316227766016838 3.2 0.8
11 3.63636363636364 0.346713668816579 0.494770982773843 0.301511344577764 3.27272727272727 0.727272727272728
12 3.33333333333333 0.430331482911935 0.19174067974354 0.288675134594813 3.33333333333333 0.666666666666667
14 2.85714285714286 0.482945288416295 0.284449796446936 0.267261241912424 3.42857142857143 0.571428571428571
16 3.5 0.330718913883074 0.358407346410207 0.25 3.5 0.5
18 3.55555555555556 0.296296296296296 0.413962901965762 0.235702260395516 3.55555555555556 0.444444444444444
20 3.2 0.357770876399966 0.0584073464102071 0.223606797749979 3.6 0.8
23 3.47826086956522 0.280894905421652 0.336668215975424 0.208514414057075 3.65217391304348 1.21739130434783
25 3.04 0.341666504065002 0.101592653589793 0.2 3.52 1.28
29 2.48275862068966 0.360408968570228 0.658834032900138 0.185695338177052 3.44827586206897 0.96551724137931
32 3.75 0.171163299220364 0.608407346410207 0.176776695296637 3.5 0.875
36 3.55555555555556 0.20951312035157 0.413962901965762 0.166666666666667 3.44444444444444 0.666666666666667
41 3.41463414634146 0.220797348429022 0.27304149275167 0.156173761888606 3.31707317073171 0.48780487804878
46 2.78260869565217 0.271370260036694 0.358983957937619 0.147441956154897 3.30434782608696 0.347826086956522
52 3.53846153846154 0.177218687951147 0.396868884871745 0.138675049056307 3.23076923076923 0.230769230769231
58 2.96551724137931 0.22998412451205 0.176075412210483 0.131306432859723 3.24137931034483 0.137931034482758
65 3.32307692307692 0.186030082580595 0.18148426948713 0.124034734589208 3.2 0
73 2.41095890410959 0.229087312993158 0.730633749480204 0.117041147196131 3.12328767123288 0.10958904109589
83 2.98795180722892 0.190874690067465 0.153640846360878 0.10976425998969 3.18072289156627 0.0481927710843375
93 3.26881720430108 0.16031229274466 0.127224550711282 0.103695169473043 3.2258064516129 0
104 3.46153846153846 0.133873696411228 0.319945807948669 0.098058067569092 3.19230769230769 0.0384615384615388
117 3.17948717948718 0.149323545736525 0.0378945258973862 0.0924500327042048 3.11111111111111 0.0341880341880341
132 3.18181818181818 0.140435086512119 0.0402255282283885 0.0870388279778489 3.12121212121212 0.0303030303030303
148 3 0.142373699362875 0.141592653589793 0.0821994936526786 3.13513513513514 0.0810810810810811
166 3.2289156626506 0.122468739411674 0.0873230090608095 0.0776150525706333 3.13253012048193 0.024096385542169
187 3.20855614973262 0.116531697575401 0.0669634961428272 0.0731272424127131 3.12299465240642 0.0641711229946522
210 3.25714285714286 0.107339954766214 0.115550203553064 0.0690065559342354 3.12380952380952 0.019047619047619
236 3.15254237288136 0.106397999190938 0.0109497192915629 0.0650944554904119 3.15254237288136 0.0677966101694913
265 3.27547169811321 0.0946327947326613 0.133879044523415 0.0614295116833951 3.12452830188679 0.030188679245283
298 3.04697986577181 0.098713760841254 0.0946127878179812 0.0579284446363492 3.14093959731544 0.0402684563758391
335 3.18805970149254 0.0879028321362883 0.0464670479027443 0.0546358364708153 3.15223880597015 0.035820895522388
376 3.21276595744681 0.082015805632566 0.0711733038570155 0.0515710623129397 3.18085106382979 0.0957446808510638
422 3.24170616113744 0.076321933040361 0.100113507547648 0.0486792383511235 3.16587677725118 0.0568720379146916
475 3.05684210526316 0.0779079722228724 0.0847505483266353 0.0458831467741124 3.15789473684211 0.0505263157894738
533 3.0093808630394 0.0747873818420941 0.132211790550393 0.043314808182421 3.15196998123827 0.0300187617260788
599 3.05843071786311 0.0693365219871541 0.0831619357266877 0.0408588923222718 3.1652754590985 0.040066777963272
673 3.12035661218425 0.0638627924370125 0.0212360414055435 0.038547167224585 3.15601783060921 0.0475482912332836
756 3.1005291005291 0.0607366125960365 0.0410635530606926 0.0363696483726654 3.13227513227513 0.00529100529100557
849 3.13309776207303 0.0565611446829935 0.00849489151676597 0.034319911152729 3.1283863368669 0.0282685512367489
954 3.11530398322851 0.0537493310864195 0.0262886703612817 0.0323761954119088 3.14884696016771 0.0125786163522013
1072 3.1044776119403 0.0509254760300095 0.0371150416494945 0.0305423610890763 3.1455223880597 0.00373134328358216
1204 3.05647840531561 0.0489410569875093 0.0851142482741785 0.0288195208852117 3.14617940199336 0.0132890365448506
1353 3.11012564671101 0.0452276907679997 0.0314670068787803 0.0271863623913518 3.14264597191426 0
1519 3.14417379855168 0.0420888611259645 0.00258114496188577 0.0256579002895393 3.14944042132982 0.00789993416721524
1707 3.12595196250732 0.0400075577081419 0.0156406910824702 0.0242037823785748 3.14469830111306 0.00937316930287047
1917 3.16327595200835 0.0371576815983276 0.0216832984185533 0.0228396236609177 3.14241001564945 0.0146061554512258
2154 3.10677808727948 0.0358931812121639 0.0348145663103132 0.0215465206794286 3.13834726090993 0.0185701021355618
2420 3.09421487603306 0.0340314257118108 0.0473777775567354 0.0203278907045435 3.14214876033058 0.00330578512396684
2718 3.11111111111111 0.0318975093588597 0.030481542478682 0.0191811779216145 3.1420161883738 0.00588668138337001
3053 3.15623976416639 0.0295346017114002 0.0146471105766004 0.0180982506171521 3.14182771044874 0.0117916803144444
3430 3.07755102040816 0.0287691312866842 0.0640416331816298 0.0170746944190628 3.133527696793 0.0104956268221574
3853 3.12691409291461 0.0266187072215675 0.0146785606751809 0.0161101838077742 3.1383337658967 0.0103815208928109
4328 3.1358595194085 0.0250222782074976 0.00573313418129029 0.015200447507762 3.14140480591497 0.0147874306839189
4862 3.1213492389963 0.023750450359247 0.0202434145934953 0.0143414321552944 3.13944878650761 0.00822706705059639
5462 3.16074697912852 0.0220376597978838 0.0191543255387314 0.0135308211035532 3.140974002197 0.000732332478945441
6135 3.14979625101874 0.0208927426680383 0.0082035974289516 0.0127671134170601 3.14066829665852 0.000651996740016259
6892 3.14161346488683 0.0197808608876444 2.08112970323526E-05 0.0120455702730802 3.13871154962275 0.00464306442251861
7742 3.14285714285714 0.0186535863586006 0.00126448926734968 0.0113651040596533 3.14027383105141 0.00154998708344101
8697 3.1270553064275 0.0177164380867459 0.0145373471622894 0.0107229742964556 3.1417730251811 0.00137978613314926
9770 3.14800409416581 0.0165687260118556 0.0064114405760205 0.0101170225532459 3.14063459570113 0.000409416581371502
10974 3.1401494441407 0.0156857095460942 0.00144320944909682 0.0095459141015548 3.14197193366138 0
12328 3.16255678131084 0.0146571839404193 0.0209641277210442 0.00900645092912525 3.14211550940947 0.00259571706684003
13848 3.13460427498556 0.0139960410016288 0.00698837860423573 0.00849779935491372 3.14124783362218 0.00375505488157124
15556 3.13988171766521 0.013176096481757 0.00171093592458371 0.00801772271929486 3.14168166623811 0.00205708408331207
17475 3.13590844062947 0.0124523975192529 0.00568421296032229 0.00756469474472234 3.14163090128755 0.00320457796852658
19630 3.13234844625573 0.0117665070234315 0.00924420733406217 0.00713739693784753 3.14212939378502 0.00020376974019376
22051 3.11477937508503 0.0111821486835386 0.026813278504763 0.00673419759585269 3.14217042311006 0.000362795338079813
24770 3.1391199031086 0.0104450923129088 0.00247275048119411 0.00635385056770601 3.14170367379895 0.00113039967702866
27825 3.13315363881402 0.00987971290444746 0.00843901477577713 0.00599490649330181 3.14192273135669 0.00158131176999099
31257 3.14809482675881 0.00926287672390948 0.00650217316901269 0.00565622078823594 3.14131234603449 0.000767828006526639
35111 3.13428839964683 0.00879092341857123 0.00730425394295864 0.00533676894649749 3.14123778872718 0.00091139528922568
39442 3.1375690887886 0.00828284132276426 0.00402356480119215 0.0050352441738479 3.14132143400436 0.00233253891790453
44306 3.13537669841556 0.00782216656228567 0.00621595517422868 0.00475082166627651 3.14187694668894 0.000902812260190622
49770 3.12919429375126 0.00739934160025956 0.0123983598385373 0.00448245749067588 3.14261603375527 0.000160739401245724
55908 3.14945982685841 0.00692195025523043 0.0078671732686173 0.0042292467257433 3.14237676182299 0.0010016455605637
62802 3.14601445813828 0.0065406194099991 0.00442180454848273 0.00399037088190639 3.14187446259673 0.000573230151906134
70548 3.14140726880989 0.00618320111711675 0.000185384779904929 0.00376493642337314 3.1413505698248 0.000680387821057948
79248 3.13557439935393 0.0058482807075371 0.00601825423586622 0.00355226899049322 3.1413789622451 0.00040379567938631
89021 3.1383606115411 0.00551147649853223 0.0032320420486962 0.00335161222416692 3.1411914042754 0.000898664360094781
100000 3.13612 0.00520502770943633 0.0054726535897931 0.00316227766016838 3.14116 0.00103999999999971
