0 -1.83333333333333 1

-2.75 1.83333333333333 1

2.75 -4.27777777777778 1

-4.125 -0.611111111111111 1

1.375 3.05555555555555 1

-1.375 -3.05555555555556 1

4.125 0.611111111111111 1

-4.8125 4.27777777777778 1

0.6875 -5.09259259259259 1

-2.0625 -1.42592592592593 1

3.4375 2.24074074074074 1

-3.4375 -3.87037037037037 1

2.0625 -0.203703703703704 1

-0.6875 3.46296296296296 1

4.8125 -2.64814814814815 1

-5.15625 1.01851851851852 1

0.34375 4.68518518518518 1

-2.40625 -4.68518518518519 1

3.09375 -1.01851851851852 1

-3.78125 2.64814814814815 1

1.71875 -3.46296296296296 1

-1.03125 0.203703703703703 1

4.46875 3.87037037037037 1

-4.46875 -2.24074074074074 1

1.03125 1.42592592592593 1

-1.71875 5.09259259259259 1

3.78125 -5.3641975308642 1

-3.09375 -1.69753086419753 1

2.40625 1.96913580246913 1

-0.34375 -4.14197530864198 1

5.15625 -0.475308641975309 1

-5.328125 3.19135802469136 1

0.171875 -2.91975308641975 1

-2.578125 0.746913580246914 1

2.921875 4.41358024691358 1

-3.953125 -4.95679012345679 1

1.546875 -1.29012345679012 1

-1.203125 2.37654320987654 1

4.296875 -3.73456790123457 1

-4.640625 -0.0679012345679015 1

0.859375 3.59876543209876 1

-1.890625 -2.51234567901235 1

3.609375 1.15432098765432 1

-3.265625 4.82098765432099 1

2.234375 -4.54938271604938 1

-0.515625 -0.882716049382716 1

4.984375 2.78395061728395 1

-4.984375 -3.32716049382716 1

0.515625 0.339506172839505 1

