0 -1.33333333333333
-2 1.33333333333333
2 -3.11111111111111
-3 -0.444444444444445
1 2.22222222222222
-1 -2.22222222222222
3 0.444444444444445
-3.5 3.11111111111111
0.5 -3.7037037037037
-1.5 -1.03703703703704
2.5 1.62962962962963
-2.5 -2.81481481481481
1.5 -0.148148148148148
-0.5 2.51851851851852
3.5 -1.92592592592593
-3.75 0.74074074074074
0.25 3.40740740740741
-1.75 -3.40740740740741
2.25 -0.740740740740741
-2.75 1.92592592592593
1.25 -2.51851851851852
-0.75 0.148148148148148
3.25 2.81481481481481
-3.25 -1.62962962962963
0.75 1.03703703703704
-1.25 3.7037037037037
2.75 -3.90123456790123
-2.25 -1.23456790123457
1.75 1.4320987654321
-0.25 -3.01234567901235
3.75 -0.345679012345679
-3.875 2.32098765432099
0.125 -2.12345679012346
-1.875 0.543209876543211
2.125 3.20987654320988
-2.875 -3.60493827160494
1.125 -0.938271604938272
-0.875 1.7283950617284
3.125 -2.71604938271605
-3.375 -0.0493827160493829
0.625 2.61728395061728
-1.375 -1.82716049382716
2.625 0.839506172839506
-2.375 3.50617283950617
1.625 -3.30864197530864
-0.375 -0.641975308641975
3.625 2.02469135802469
-3.625 -2.41975308641975
0.375 0.246913580246913
-1.625 2.91358024691358
2.375 -1.53086419753086
-2.625 1.1358024691358
1.375 3.80246913580247
-0.625 -3.80246913580247
3.375 -1.1358024691358
-3.125 1.53086419753086
0.875 -2.91358024691358
-1.125 -0.246913580246914
2.875 2.41975308641975
-2.125 -2.02469135802469
1.875 0.641975308641975
-0.125 3.30864197530864
3.875 -3.50617283950617
-3.9375 -0.839506172839506
0.0625 1.82716049382716
-1.9375 -2.61728395061728
2.0625 0.0493827160493829
-2.9375 2.71604938271605
1.0625 -1.7283950617284
-0.9375 0.938271604938271
3.0625 3.60493827160494
-3.4375 -3.20987654320988
0.5625 -0.54320987654321
-1.4375 2.12345679012346
2.5625 -2.32098765432099
-2.4375 0.345679012345679
1.5625 3.01234567901234
-0.4375 -1.4320987654321
3.5625 1.23456790123457
-3.6875 3.90123456790123
0.3125 -3.96707818930041
-1.6875 -1.30041152263375
2.3125 1.36625514403292
-2.6875 -3.07818930041152
1.3125 -0.411522633744856
-0.6875 2.25514403292181
3.3125 -2.18930041152263
-3.1875 0.477366255144033
0.8125 3.1440329218107
-1.1875 -3.67078189300412
2.8125 -1.00411522633745
-2.1875 1.66255144032922
1.8125 -2.78189300411523
-0.1875 -0.11522633744856
3.8125 2.55144032921811
-3.8125 -1.89300411522634
0.1875 0.773662551440329
-1.8125 3.44032921810699
2.1875 -3.37448559670782
-2.8125 -0.707818930041153
1.1875 1.95884773662551
-0.8125 -2.48559670781893
3.1875 0.181069958847736
-3.3125 2.8477366255144
0.6875 -1.59670781893004
-1.3125 1.06995884773663
2.6875 3.73662551440329
-2.3125 -3.86831275720165
1.6875 -1.20164609053498
-0.3125 1.46502057613169
3.6875 -2.97942386831276
-3.5625 -0.312757201646091
0.4375 2.35390946502058
-1.5625 -2.09053497942387
2.4375 0.576131687242799
-2.5625 3.24279835390946
1.4375 -3.57201646090535
-0.5625 -0.905349794238683
3.4375 1.76131687242798
-3.0625 -2.68312757201646
0.9375 -0.0164609053497946
-1.0625 2.65020576131687
2.9375 -1.79423868312757
-2.0625 0.872427983539095
1.9375 3.53909465020576
-0.0625 -3.27572016460905
3.9375 -0.609053497942387
-3.96875 2.05761316872428
0.03125 -2.38683127572016
-1.96875 0.279835390946501
2.03125 2.94650205761317
-2.96875 -1.49794238683128
1.03125 1.16872427983539
-0.96875 3.83539094650206
3.03125 -3.76954732510288
-3.46875 -1.10288065843621
0.53125 1.56378600823045
-1.46875 -2.88065843621399
2.53125 -0.213991769547325
-2.46875 2.45267489711934
1.53125 -1.9917695473251
-0.46875 0.674897119341564
3.53125 3.34156378600823
-3.71875 -3.47325102880658
0.28125 -0.806584362139918
-1.71875 1.86008230452675
2.28125 -2.5843621399177
-2.71875 0.0823045267489713
1.28125 2.74897119341564
-0.71875 -1.69547325102881
3.28125 0.97119341563786
-3.21875 3.63786008230453
0.78125 -3.17695473251029
-1.21875 -0.510288065843622
2.78125 2.15637860082304
-2.21875 -2.2880658436214
1.78125 0.378600823045267
-0.21875 3.04526748971193
3.78125 -1.39917695473251
-3.84375 1.26748971193416
0.15625 3.93415637860082
-1.84375 -3.93415637860082
2.15625 -1.26748971193416
-2.84375 1.39917695473251
1.15625 -3.04526748971193
-0.84375 -0.378600823045268
3.15625 2.2880658436214
-3.34375 -2.15637860082305
0.65625 0.510288065843621
-1.34375 3.17695473251029
2.65625 -3.63786008230453
-2.34375 -0.97119341563786
1.65625 1.69547325102881
-0.34375 -2.74897119341564
3.65625 -0.0823045267489713
-3.59375 2.58436213991769
0.40625 -1.86008230452675
-1.59375 0.806584362139917
2.40625 3.47325102880658
-2.59375 -3.34156378600823
1.40625 -0.674897119341564
-0.59375 1.9917695473251
3.40625 -2.45267489711934
-3.09375 0.213991769547325
0.90625 2.88065843621399
-1.09375 -1.56378600823045
2.90625 1.10288065843621
-2.09375 3.76954732510288
1.90625 -3.83539094650206
-0.09375 -1.16872427983539
3.90625 1.49794238683127
-3.90625 -2.94650205761317
0.09375 -0.279835390946502
-1.90625 2.38683127572016
2.09375 -2.05761316872428
-2.90625 0.609053497942387
1.09375 3.27572016460905
-0.90625 -3.53909465020576
3.09375 -0.872427983539095
-3.40625 1.79423868312757
0.59375 -2.65020576131687
-1.40625 0.0164609053497937
2.59375 2.68312757201646
-2.40625 -1.76131687242798
1.59375 0.905349794238683
-0.40625 3.57201646090535
3.59375 -3.24279835390946
-3.65625 -0.576131687242798
0.34375 2.09053497942387
-1.65625 -2.35390946502058
2.34375 0.31275720164609
-2.65625 2.97942386831276
1.34375 -1.46502057613169
-0.65625 1.20164609053498
3.34375 3.86831275720164
-3.15625 -3.73662551440329
0.84375 -1.06995884773663
-1.15625 1.59670781893004
2.84375 -2.8477366255144
-2.15625 -0.181069958847737
1.84375 2.48559670781893
-0.15625 -1.95884773662551
3.84375 0.707818930041152
-3.78125 3.37448559670782
0.21875 -3.440329218107
-1.78125 -0.773662551440329
2.21875 1.89300411522634
-2.78125 -2.55144032921811
1.21875 0.11522633744856
-0.78125 2.78189300411522
3.21875 -1.66255144032922
-3.28125 1.00411522633745
0.71875 3.67078189300411
-1.28125 -3.1440329218107
2.71875 -0.477366255144033
-2.28125 2.18930041152263
1.71875 -2.25514403292181
-0.28125 0.411522633744855
3.71875 3.07818930041152
-3.53125 -1.36625514403292
0.46875 1.30041152263374
-1.53125 3.96707818930041
2.46875 -3.98902606310014
-2.53125 -1.32235939643347
1.46875 1.3443072702332
-0.53125 -3.10013717421125
3.46875 -0.433470507544582
-3.03125 2.23319615912208
0.96875 -2.21124828532236
-1.03125 0.455418381344307
2.96875 3.12208504801097
-2.03125 -3.69272976680384
1.96875 -1.02606310013717
-0.03125 1.64060356652949
3.96875 -2.80384087791495
-3.984375 -0.137174211248285
0.015625 2.52949245541838
-1.984375 -1.91495198902606
2.015625 0.751714677640603
-2.984375 3.41838134430727
1.015625 -3.39643347050754
-0.984375 -0.729766803840878
3.015625 1.93689986282579
-3.484375 -2.50754458161866
0.515625 0.15912208504801
-1.484375 2.82578875171468
2.515625 -1.61865569272977
-2.484375 1.0480109739369
1.515625 3.71467764060357
-0.484375 -3.89026063100137
3.515625 -1.22359396433471
-3.734375 1.44307270233196
0.265625 -3.00137174211248
-1.734375 -0.334705075445816
2.265625 2.33196159122085
-2.734375 -2.11248285322359
1.265625 0.554183813443073
-0.734375 3.22085048010974
3.265625 -3.59396433470508
-3.234375 -0.927297668038409
0.765625 1.73936899862826
-1.234375 -2.70507544581619
2.765625 -0.03840877914952
-2.234375 2.62825788751715
1.765625 -1.8161865569273
-0.234375 0.850480109739369
3.765625 3.51714677640603
-3.859375 -3.29766803840878
0.140625 -0.631001371742113
-1.859375 2.03566529492455
2.140625 -2.40877914951989
-2.859375 0.257887517146775
1.140625 2.92455418381344
-0.859375 -1.519890260631
3.140625 1.14677640603566
-3.359375 3.81344307270233
0.640625 -3.79149519890261
-1.359375 -1.12482853223594
2.640625 1.54183813443073
-2.359375 -2.90260631001372
1.640625 -0.235939643347051
-0.359375 2.43072702331961
3.640625 -2.01371742112483
-3.609375 0.652949245541838
0.390625 3.3196159122085
-1.609375 -3.49519890260631
2.390625 -0.828532235939643
-2.609375 1.83813443072702
1.390625 -2.60631001371742
-0.609375 0.0603566529492454
3.390625 2.72702331961591
-3.109375 -1.71742112482853
0.890625 0.949245541838134
-1.109375 3.6159122085048
2.890625 -3.19890260631001
-2.109375 -0.532235939643347
1.890625 2.13443072702332
-0.109375 -2.31001371742112
3.890625 0.356652949245541
-3.921875 3.02331961591221
0.078125 -1.42112482853224
-1.921875 1.24554183813443
2.078125 3.9122085048011
-2.921875 -3.95610425240055
1.078125 -1.28943758573388
-0.921875 1.37722908093278
3.078125 -3.06721536351166
-3.421875 -0.400548696844993
0.578125 2.26611796982167
-1.421875 -2.17832647462277
2.578125 0.488340192043895
-2.421875 3.15500685871056
1.578125 -3.65980795610425
-0.421875 -0.993141289437586
3.578125 1.67352537722908
-3.671875 -2.77091906721536
0.328125 -0.104252400548697
-1.671875 2.56241426611797
2.328125 -1.88203017832647
-2.671875 0.784636488340191
1.328125 3.45130315500686
-0.671875 -3.36351165980796
3.328125 -0.69684499314129
-3.171875 1.96982167352538
0.828125 -2.47462277091907
-1.171875 0.192043895747599
2.828125 2.85871056241426
-2.171875 -1.58573388203018
1.828125 1.08093278463649
-0.171875 3.74759945130315
3.828125 -3.85733882030178
-3.796875 -1.19067215363512
0.203125 1.47599451303155
-1.796875 -2.96844993141289
2.203125 -0.301783264746228
-2.796875 2.36488340192044
1.203125 -2.07956104252401
-0.796875 0.587105624142661
3.203125 3.25377229080933
-3.296875 -3.56104252400549
0.703125 -0.894375857338821
-1.296875 1.77229080932785
2.703125 -2.6721536351166
-2.296875 -0.00548696844993168
1.703125 2.66117969821673
-0.296875 -1.78326474622771
3.703125 0.883401920438957
-3.546875 3.55006858710562
0.453125 -3.26474622770919
-1.546875 -0.598079561042524
2.453125 2.06858710562414
-2.546875 -2.3758573388203
1.453125 0.290809327846364
-0.546875 2.95747599451303
3.453125 -1.48696844993141
-3.046875 1.17969821673525
0.953125 3.84636488340192
-1.046875 -3.75857338820302
2.953125 -1.09190672153635
-2.046875 1.57475994513031
1.953125 -2.86968449931413
-0.046875 -0.203017832647463
3.953125 2.4636488340192
-3.953125 -1.98079561042524
0.046875 0.685871056241426
-1.953125 3.35253772290809
2.046875 -3.46227709190672
-2.953125 -0.795610425240055
1.046875 1.87105624142661
-0.953125 -2.57338820301783
3.046875 0.0932784636488337
-3.453125 2.7599451303155
0.546875 -1.68449931412894
-1.453125 0.982167352537722
2.546875 3.64883401920439
-2.453125 -3.16598079561043
1.546875 -0.499314128943759
-0.453125 2.16735253772291
3.546875 -2.27709190672154
-3.703125 0.38957475994513
0.296875 3.0562414266118
-1.703125 -1.38820301783265
2.296875 1.27846364883402
-2.703125 3.94513031550068
1.296875 -3.92318244170096
-0.703125 -1.25651577503429
3.296875 1.41015089163237
-3.203125 -3.03429355281207
0.796875 -0.367626886145405
-1.203125 2.29903978052126
2.796875 -2.14540466392318
-2.203125 0.521262002743484
1.796875 3.18792866941015
-0.203125 -3.62688614540466
3.796875 -0.960219478737997
-3.828125 1.70644718792867
0.171875 -2.73799725651577
-1.828125 -0.0713305898491083
2.171875 2.59533607681756
-2.828125 -1.84910836762689
1.171875 0.81755829903978
-0.828125 3.48422496570645
3.171875 -3.33058984910837
-3.328125 -0.663923182441701
0.671875 2.00274348422496
-1.328125 -2.44170096021948
2.671875 0.224965706447187
-2.328125 2.89163237311385
1.671875 -1.55281207133059
-0.328125 1.11385459533608
3.671875 3.78052126200274
-3.578125 -3.82441700960219
0.421875 -1.15775034293553
-1.578125 1.50891632373114
2.421875 -2.93552812071331
-2.578125 -0.268861454046639
1.421875 2.39780521262003
-0.578125 -2.04663923182442
3.421875 0.62002743484225
-3.078125 3.28669410150892
0.921875 -3.5281207133059
-1.078125 -0.861454046639232
2.921875 1.80521262002743
-2.078125 -2.63923182441701
1.921875 0.0274348422496562
-0.078125 2.69410150891632
3.921875 -1.75034293552812
-3.890625 0.916323731138545
0.109375 3.58299039780521
-1.890625 -3.2318244170096
2.109375 -0.565157750342935
-2.890625 2.10150891632373
1.109375 -2.34293552812071
-0.890625 0.323731138545952
3.109375 2.99039780521262
-3.390625 -1.45404663923182
0.609375 1.21262002743484
-1.390625 3.87928669410151
2.609375 -3.72565157750343
-2.390625 -1.05898491083676
1.609375 1.6076817558299
-0.390625 -2.83676268861454
3.609375 -0.170096021947874
-3.640625 2.49657064471879
0.359375 -1.94787379972565
-1.640625 0.718792866941015
2.359375 3.38545953360768
-2.640625 -3.42935528120713
1.359375 -0.762688614540466
-0.640625 1.9039780521262
3.359375 -2.54046639231824
-3.140625 0.126200274348422
0.859375 2.79286694101509
-1.140625 -1.65157750342936
2.859375 1.01508916323731
-2.140625 3.68175582990398
1.859375 -3.13305898491084
-0.140625 -0.46639231824417
3.859375 2.2002743484225
-3.765625 -2.24417009602195
0.234375 0.422496570644718
-1.765625 3.08916323731138
2.234375 -1.35528120713306
-2.765625 1.31138545953361
1.234375 3.97805212620027
-0.765625 -3.97805212620027
3.234375 -1.31138545953361
-3.265625 1.35528120713306
0.734375 -3.08916323731139
-1.265625 -0.422496570644719
2.734375 2.24417009602195
-2.265625 -2.2002743484225
1.734375 0.46639231824417
-0.265625 3.13305898491084
3.734375 -3.68175582990398
-3.515625 -1.01508916323731
0.484375 1.65157750342936
-1.515625 -2.79286694101509
2.484375 -0.126200274348423
-2.515625 2.54046639231824
1.484375 -1.9039780521262
-0.515625 0.762688614540466
3.484375 3.42935528120713
-3.015625 -3.38545953360768
0.984375 -0.718792866941015
-1.015625 1.94787379972565
2.984375 -2.49657064471879
-2.015625 0.170096021947874
1.984375 2.83676268861454
-0.015625 -1.6076817558299
3.984375 1.05898491083676
-3.9921875 3.72565157750343
0.0078125 -3.87928669410151
-1.9921875 -1.21262002743484
2.0078125 1.45404663923182
-2.9921875 -2.99039780521262
1.0078125 -0.323731138545953
-0.9921875 2.34293552812071
3.0078125 -2.10150891632373
-3.4921875 0.565157750342936
0.5078125 3.2318244170096
-1.4921875 -3.58299039780521
2.5078125 -0.916323731138546
-2.4921875 1.75034293552812
1.5078125 -2.69410150891632
-0.4921875 -0.0274348422496571
3.5078125 2.63923182441701
-3.7421875 -1.80521262002743
0.2578125 0.861454046639232
-1.7421875 3.5281207133059
2.2578125 -3.28669410150892
-2.7421875 -0.62002743484225
1.2578125 2.04663923182442
-0.7421875 -2.39780521262003
3.2578125 0.268861454046639
-3.2421875 2.9355281207133
0.7578125 -1.50891632373114
-1.2421875 1.15775034293553
2.7578125 3.82441700960219
-2.2421875 -3.78052126200274
1.7578125 -1.11385459533608
-0.2421875 1.55281207133059
3.7578125 -2.89163237311385
-3.8671875 -0.224965706447188
0.1328125 2.44170096021948
-1.8671875 -2.00274348422497
2.1328125 0.663923182441701
-2.8671875 3.33058984910837
1.1328125 -3.48422496570645
-0.8671875 -0.817558299039781
3.1328125 1.84910836762689
-3.3671875 -2.59533607681756
0.6328125 0.0713305898491088
-1.3671875 2.73799725651577
2.6328125 -1.70644718792867
-2.3671875 0.960219478737997
1.6328125 3.62688614540466
-0.3671875 -3.18792866941015
3.6328125 -0.521262002743484
-3.6171875 2.14540466392318
0.3828125 -2.29903978052126
-1.6171875 0.367626886145405
2.3828125 3.03429355281207
-2.6171875 -1.41015089163237
1.3828125 1.25651577503429
-0.6171875 3.92318244170096
3.3828125 -3.94513031550069
-3.1171875 -1.27846364883402
0.8828125 1.38820301783265
-1.1171875 -3.0562414266118
2.8828125 -0.38957475994513
-2.1171875 2.27709190672154
1.8828125 -2.16735253772291
-0.1171875 0.499314128943759
3.8828125 3.16598079561042
-3.9296875 -3.64883401920439
0.0703125 -0.982167352537723
-1.9296875 1.68449931412894
2.0703125 -2.7599451303155
-2.9296875 -0.0932784636488342
1.0703125 2.57338820301783
-0.9296875 -1.87105624142661
3.0703125 0.795610425240055
-3.4296875 3.46227709190672
0.5703125 -3.35253772290809
-1.4296875 -0.685871056241427
2.5703125 1.98079561042524
-2.4296875 -2.4636488340192
1.5703125 0.203017832647462
-0.4296875 2.86968449931413
3.5703125 -1.57475994513032
-3.6796875 1.09190672153635
0.3203125 3.75857338820302
-1.6796875 -3.84636488340192
2.3203125 -1.17969821673525
-2.6796875 1.48696844993141
1.3203125 -2.95747599451303
-0.6796875 -0.290809327846365
3.3203125 2.3758573388203
-3.1796875 -2.06858710562414
0.8203125 0.598079561042525
-1.1796875 3.26474622770919
2.8203125 -3.55006858710562
-2.1796875 -0.883401920438958
1.8203125 1.78326474622771
-0.1796875 -2.66117969821674
3.8203125 0.00548696844993124
-3.8046875 2.6721536351166
0.1953125 -1.77229080932785
-1.8046875 0.894375857338821
2.1953125 3.56104252400549
-2.8046875 -3.25377229080933
1.1953125 -0.587105624142661
-0.8046875 2.07956104252401
3.1953125 -2.36488340192044
-3.3046875 0.301783264746227
0.6953125 2.96844993141289
-1.3046875 -1.47599451303155
2.6953125 1.19067215363512
-2.3046875 3.85733882030178
1.6953125 -3.74759945130315
-0.3046875 -1.08093278463649
3.6953125 1.58573388203018
-3.5546875 -2.85871056241427
0.4453125 -0.1920438957476
-1.5546875 2.47462277091907
2.4453125 -1.96982167352538
-2.5546875 0.69684499314129
1.4453125 3.36351165980796
-0.5546875 -3.45130315500686
3.4453125 -0.784636488340192
-3.0546875 1.88203017832647
0.9453125 -2.56241426611797
-1.0546875 0.104252400548697
2.9453125 2.77091906721536
-2.0546875 -1.67352537722908
1.9453125 0.993141289437586
-0.0546875 3.65980795610425
3.9453125 -3.15500685871056
-3.9609375 -0.488340192043896
0.0390625 2.17832647462277
-1.9609375 -2.26611796982167
2.0390625 0.400548696844993
-2.9609375 3.06721536351166
1.0390625 -1.37722908093278
-0.9609375 1.28943758573388
3.0390625 3.95610425240055
-3.4609375 -3.9122085048011
0.5390625 -1.24554183813443
-1.4609375 1.42112482853224
2.5390625 -3.02331961591221
-2.4609375 -0.356652949245542
1.5390625 2.31001371742112
-0.4609375 -2.13443072702332
3.5390625 0.532235939643347
-3.7109375 3.19890260631001
0.2890625 -3.6159122085048
-1.7109375 -0.949245541838134
2.2890625 1.71742112482853
-2.7109375 -2.72702331961591
1.2890625 -0.0603566529492454
-0.7109375 2.60631001371742
3.2890625 -1.83813443072702
-3.2109375 0.828532235939643
0.7890625 3.49519890260631
-1.2109375 -3.3196159122085
2.7890625 -0.652949245541838
-2.2109375 2.01371742112483
1.7890625 -2.43072702331962
-0.2109375 0.23593964334705
3.7890625 2.90260631001372
-3.8359375 -1.54183813443073
0.1640625 1.12482853223594
-1.8359375 3.79149519890261
2.1640625 -3.81344307270233
-2.8359375 -1.14677640603567
1.1640625 1.519890260631
-0.8359375 -2.92455418381344
3.1640625 -0.257887517146776
-3.3359375 2.40877914951989
0.6640625 -2.03566529492455
-1.3359375 0.631001371742113
2.6640625 3.29766803840878
-2.3359375 -3.51714677640604
1.6640625 -0.850480109739369
-0.3359375 1.8161865569273
3.6640625 -2.62825788751715
-3.5859375 0.0384087791495196
0.4140625 2.70507544581619
-1.5859375 -1.73936899862826
2.4140625 0.927297668038409
-2.5859375 3.59396433470507
1.4140625 -3.22085048010974
-0.5859375 -0.554183813443073
3.4140625 2.11248285322359
-3.0859375 -2.33196159122085
0.9140625 0.334705075445815
-1.0859375 3.00137174211248
2.9140625 -1.44307270233196
-2.0859375 1.2235939643347
1.9140625 3.89026063100137
-0.0859375 -3.71467764060357
3.9140625 -1.0480109739369
-3.8984375 1.61865569272977
0.1015625 -2.82578875171468
-1.8984375 -0.159122085048011
2.1015625 2.50754458161865
-2.8984375 -1.93689986282579
1.1015625 0.729766803840878
-0.8984375 3.39643347050754
3.1015625 -3.41838134430727
-3.3984375 -0.751714677640603
0.6015625 1.91495198902606
-1.3984375 -2.52949245541838
2.6015625 0.137174211248285
-2.3984375 2.80384087791495
1.6015625 -1.64060356652949
-0.3984375 1.02606310013717
3.6015625 3.69272976680384
-3.6484375 -3.12208504801097
0.3515625 -0.455418381344307
-1.6484375 2.21124828532236
2.3515625 -2.23319615912209
-2.6484375 0.433470507544581
1.3515625 3.10013717421125
-0.6484375 -1.3443072702332
3.3515625 1.32235939643347
-3.1484375 3.98902606310014
0.8515625 -3.99634202103338
-1.1484375 -1.32967535436671
2.8515625 1.33699131229995
-2.1484375 -3.10745313214449
1.8515625 -0.440786465477824
-0.1484375 2.22588020118884
3.8515625 -2.2185642432556
-3.7734375 0.448102423411066
0.2265625 3.11476909007773
-1.7734375 -3.70004572473708
2.2265625 -1.03337905807042
-2.7734375 1.63328760859625
1.2265625 -2.81115683584819
-0.7734375 -0.144490169181527
3.2265625 2.52217649748514
-3.2734375 -1.9222679469593
0.7265625 0.744398719707362
-1.2734375 3.41106538637403
2.7265625 -3.40374942844079
-2.2734375 -0.73708276177412
1.7265625 1.92958390489255
-0.2734375 -2.5148605395519
3.7265625 0.151806127114769
-3.5234375 2.81847279378144
0.4765625 -1.62597165066301
-1.5234375 1.04069501600366
2.4765625 3.70736168267032
-2.5234375 -3.89757658893461
1.4765625 -1.23090992226795
-0.5234375 1.43575674439872
3.4765625 -3.00868770004572
-3.0234375 -0.342021033379058
0.9765625 2.32464563328761
-1.0234375 -2.11979881115684
2.9765625 0.546867855509832
-2.0234375 3.2135345221765
1.9765625 -3.60128029263832
-0.0234375 -0.934613625971651
3.9765625 1.73205304069502
-3.9765625 -2.71239140374943
0.0234375 -0.0457247370827618
-1.9765625 2.6209419295839
2.0234375 -1.82350251486054
-2.9765625 0.843164151806127
1.0234375 3.50983081847279
-0.9765625 -3.30498399634202
3.0234375 -0.638317329675354
-3.4765625 2.02834933699131
0.5234375 -2.41609510745313
-1.4765625 0.250571559213534
2.5234375 2.9172382258802
-2.4765625 -1.52720621856424
1.5234375 1.13946044810242
-0.4765625 3.80612711476909
3.5234375 -3.79881115683585
-3.7265625 -1.13214449016918
0.2734375 1.53452217649749
-1.7265625 -2.90992226794696
2.2734375 -0.243255601280293
-2.7265625 2.42341106538637
1.2734375 -2.02103337905807
-0.7265625 0.645633287608597
3.2734375 3.31229995427526
-3.2265625 -3.50251486053955
0.7734375 -0.835848193872885
-1.2265625 1.83081847279378
2.7734375 -2.61362597165066
-2.2265625 0.0530406950160041
1.7734375 2.71970736168267
-0.2265625 -1.72473708276177
3.7734375 0.941929583904892
-3.8515625 3.60859625057156
0.1484375 -3.20621856424326
-1.8515625 -0.539551897576589
2.1484375 2.12711476909008
-2.8515625 -2.31732967535437
1.1484375 0.3493369913123
-0.8515625 3.01600365797897
3.1484375 -1.42844078646548
-3.3515625 1.23822588020119
0.6484375 3.90489254686786
-1.3515625 -3.96342021033379
2.6484375 -1.29675354366712
-2.3515625 1.36991312299954
1.6484375 -3.0745313214449
-0.3515625 -0.407864654778235
3.6484375 2.25880201188843
-3.6015625 -2.18564243255601
0.3984375 0.481024234110654
-1.6015625 3.14769090077732
2.3984375 -3.66712391403749
-2.6015625 -1.00045724737083
1.3984375 1.66620941929584
-0.6015625 -2.77823502514861
3.3984375 -0.111568358481939
-3.1015625 2.55509830818473
0.8984375 -1.88934613625972
-1.1015625 0.77732053040695
2.8984375 3.44398719707362
-2.1015625 -3.3708276177412
1.8984375 -0.704160951074531
-0.1015625 1.96250571559214
3.8984375 -2.48193872885231
-3.9140625 0.184727937814357
0.0859375 2.85139460448102
-1.9140625 -1.59304983996342
2.0859375 1.07361682670325
-2.9140625 3.74028349336991
1.0859375 -3.86465477823503
-0.9140625 -1.19798811156836
3.0859375 1.46867855509831
-3.4140625 -2.97576588934614
0.5859375 -0.30909922267947
-1.4140625 2.3575674439872
2.5859375 -2.08687700045725
-2.4140625 0.57978966620942
1.5859375 3.24645633287609
-0.4140625 -3.56835848193873
3.5859375 -0.901691815272062
-3.6640625 1.76497485139461
0.3359375 -2.67946959304984
-1.6640625 -0.0128029263831735
2.3359375 2.65386374028349
-2.6640625 -1.79058070416095
1.3359375 0.876085962505716
-0.6640625 3.54275262917238
3.3359375 -3.27206218564243
-3.1640625 -0.605395518975766
0.8359375 2.0612711476909
-1.1640625 -2.38317329675354
2.8359375 0.283493369913122
-2.1640625 2.95016003657979
1.8359375 -1.49428440786465
-0.1640625 1.17238225880201
3.8359375 3.83904892546868
-3.7890625 -3.76588934613626
0.2109375 -1.09922267946959
-1.7890625 1.56744398719707
