0.2 -1.13333333333333
-1.8 1.53333333333333
2.2 -2.91111111111111
-2.8 -0.244444444444445
1.2 2.42222222222222
-0.8 -2.02222222222222
3.2 0.644444444444445
-3.3 3.31111111111111
0.7 -3.5037037037037
-1.3 -0.837037037037037
2.7 1.82962962962963
-2.3 -2.61481481481481
1.7 0.0518518518518516
-0.3 2.71851851851852
3.7 -1.72592592592593
-3.55 0.94074074074074
0.45 3.60740740740741
-1.55 -3.20740740740741
2.45 -0.540740740740741
-2.55 2.12592592592593
1.45 -2.31851851851852
-0.55 0.348148148148148
3.45 3.01481481481481
-3.05 -1.42962962962963
0.95 1.23703703703704
-1.05 3.9037037037037
2.95 -3.70123456790123
-2.05 -1.03456790123457
1.95 1.6320987654321
-0.05 -2.81234567901235
3.95 -0.145679012345679
-3.675 2.52098765432099
0.325 -1.92345679012346
-1.675 0.74320987654321
2.325 3.40987654320988
-2.675 -3.40493827160494
1.325 -0.738271604938272
-0.675 1.9283950617284
3.325 -2.51604938271605
-3.175 0.150617283950617
0.825 2.81728395061728
-1.175 -1.62716049382716
2.825 1.03950617283951
-2.175 3.70617283950617
1.825 -3.10864197530864
-0.175 -0.441975308641975
3.825 2.22469135802469
-3.425 -2.21975308641975
0.575 0.446913580246913
-1.425 3.11358024691358
2.575 -1.33086419753086
-2.425 1.3358024691358
1.575 4.00246913580247
-0.425 -3.60246913580247
3.575 -0.935802469135803
-2.925 1.73086419753086
1.075 -2.71358024691358
-0.925 -0.0469135802469138
3.075 2.61975308641975
-1.925 -1.82469135802469
2.075 0.841975308641975
0.075 3.50864197530864
4.075 -3.30617283950617
-3.7375 -0.639506172839506
0.2625 2.02716049382716
-1.7375 -2.41728395061728
2.2625 0.249382716049383
-2.7375 2.91604938271605
1.2625 -1.5283950617284
-0.7375 1.13827160493827
3.2625 3.80493827160494
-3.2375 -3.00987654320988
0.7625 -0.34320987654321
-1.2375 2.32345679012346
2.7625 -2.12098765432099
-2.2375 0.545679012345679
1.7625 3.21234567901235
-0.2375 -1.2320987654321
3.7625 1.43456790123457
-3.4875 4.10123456790123
0.5125 -3.76707818930041
-1.4875 -1.10041152263375
2.5125 1.56625514403292
-2.4875 -2.87818930041152
1.5125 -0.211522633744856
-0.4875 2.45514403292181
3.5125 -1.98930041152263
-2.9875 0.677366255144033
1.0125 3.3440329218107
-0.9875 -3.47078189300412
3.0125 -0.804115226337449
-1.9875 1.86255144032922
2.0125 -2.58189300411523
0.0125 0.08477366255144
4.0125 2.75144032921811
-3.6125 -1.69300411522634
0.3875 0.973662551440329
-1.6125 3.640329218107
2.3875 -3.17448559670782
