0 -1.33333333333333
-2 1.33333333333333
2 -3.11111111111111
-3 -0.444444444444445
1 2.22222222222222
-1 -2.22222222222222
3 0.444444444444445
-3.5 3.11111111111111
0.5 -3.7037037037037
-1.5 -1.03703703703704
2.5 1.62962962962963
-2.5 -2.81481481481481
1.5 -0.148148148148148
-0.5 2.51851851851852
3.5 -1.92592592592593
-3.75 0.74074074074074
0.25 3.40740740740741
-1.75 -3.40740740740741
2.25 -0.740740740740741
-2.75 1.92592592592593
1.25 -2.51851851851852
-0.75 0.148148148148148
3.25 2.81481481481481
-3.25 -1.62962962962963
0.75 1.03703703703704
-1.25 3.7037037037037
2.75 -3.90123456790123
-2.25 -1.23456790123457
1.75 1.4320987654321
-0.25 -3.01234567901235
3.75 -0.345679012345679
-3.875 2.32098765432099
0.125 -2.12345679012346
-1.875 0.543209876543211
2.125 3.20987654320988
-2.875 -3.60493827160494
1.125 -0.938271604938272
-0.875 1.7283950617284
3.125 -2.71604938271605
-3.375 -0.0493827160493829
0.625 2.61728395061728
-1.375 -1.82716049382716
2.625 0.839506172839506
-2.375 3.50617283950617
1.625 -3.30864197530864
-0.375 -0.641975308641975
3.625 2.02469135802469
-3.625 -2.41975308641975
0.375 0.246913580246913
-1.625 2.91358024691358
2.375 -1.53086419753086
-2.625 1.1358024691358
1.375 3.80246913580247
-0.625 -3.80246913580247
3.375 -1.1358024691358
-3.125 1.53086419753086
0.875 -2.91358024691358
-1.125 -0.246913580246914
2.875 2.41975308641975
-2.125 -2.02469135802469
1.875 0.641975308641975
-0.125 3.30864197530864
3.875 -3.50617283950617
-3.9375 -0.839506172839506
0.0625 1.82716049382716
-1.9375 -2.61728395061728
2.0625 0.0493827160493829
-2.9375 2.71604938271605
1.0625 -1.7283950617284
-0.9375 0.938271604938271
3.0625 3.60493827160494
-3.4375 -3.20987654320988
0.5625 -0.54320987654321
-1.4375 2.12345679012346
2.5625 -2.32098765432099
-2.4375 0.345679012345679
1.5625 3.01234567901234
-0.4375 -1.4320987654321
3.5625 1.23456790123457
-3.6875 3.90123456790123
0.3125 -3.96707818930041
-1.6875 -1.30041152263375
2.3125 1.36625514403292
-2.6875 -3.07818930041152
1.3125 -0.411522633744856
-0.6875 2.25514403292181
3.3125 -2.18930041152263
-3.1875 0.477366255144033
0.8125 3.1440329218107
-1.1875 -3.67078189300412
2.8125 -1.00411522633745
-2.1875 1.66255144032922
1.8125 -2.78189300411523
-0.1875 -0.11522633744856
3.8125 2.55144032921811
-3.8125 -1.89300411522634
0.1875 0.773662551440329
-1.8125 3.44032921810699
2.1875 -3.37448559670782
-2.8125 -0.707818930041153
1.1875 1.95884773662551
-0.8125 -2.48559670781893
3.1875 0.181069958847736
-3.3125 2.8477366255144
0.6875 -1.59670781893004
-1.3125 1.06995884773663
2.6875 3.73662551440329
-2.3125 -3.86831275720165
1.6875 -1.20164609053498
-0.3125 1.46502057613169
3.6875 -2.97942386831276
-3.5625 -0.312757201646091
0.4375 2.35390946502058
-1.5625 -2.09053497942387
2.4375 0.576131687242799
-2.5625 3.24279835390946
1.4375 -3.57201646090535
-0.5625 -0.905349794238683
3.4375 1.76131687242798
-3.0625 -2.68312757201646
0.9375 -0.0164609053497946
-1.0625 2.65020576131687
2.9375 -1.79423868312757
-2.0625 0.872427983539095
1.9375 3.53909465020576
-0.0625 -3.27572016460905
3.9375 -0.609053497942387
-3.96875 2.05761316872428
0.03125 -2.38683127572016
-1.96875 0.279835390946501
2.03125 2.94650205761317
-2.96875 -1.49794238683128
1.03125 1.16872427983539
-0.96875 3.83539094650206
3.03125 -3.76954732510288
-3.46875 -1.10288065843621
0.53125 1.56378600823045
-1.46875 -2.88065843621399
2.53125 -0.213991769547325
-2.46875 2.45267489711934
1.53125 -1.9917695473251
-0.46875 0.674897119341564
3.53125 3.34156378600823
-3.71875 -3.47325102880658
0.28125 -0.806584362139918
-1.71875 1.86008230452675
2.28125 -2.5843621399177
-2.71875 0.0823045267489713
1.28125 2.74897119341564
-0.71875 -1.69547325102881
3.28125 0.97119341563786
-3.21875 3.63786008230453
0.78125 -3.17695473251029
-1.21875 -0.510288065843622
2.78125 2.15637860082304
-2.21875 -2.2880658436214
1.78125 0.378600823045267
-0.21875 3.04526748971193
3.78125 -1.39917695473251
-3.84375 1.26748971193416
0.15625 3.93415637860082
-1.84375 -3.93415637860082
2.15625 -1.26748971193416
-2.84375 1.39917695473251
1.15625 -3.04526748971193
-0.84375 -0.378600823045268
3.15625 2.2880658436214
-3.34375 -2.15637860082305
0.65625 0.510288065843621
-1.34375 3.17695473251029
2.65625 -3.63786008230453
-2.34375 -0.97119341563786
1.65625 1.69547325102881
-0.34375 -2.74897119341564
3.65625 -0.0823045267489713
-3.59375 2.58436213991769
0.40625 -1.86008230452675
-1.59375 0.806584362139917
2.40625 3.47325102880658
-2.59375 -3.34156378600823
1.40625 -0.674897119341564
-0.59375 1.9917695473251
3.40625 -2.45267489711934
-3.09375 0.213991769547325
0.90625 2.88065843621399
-1.09375 -1.56378600823045
2.90625 1.10288065843621
-2.09375 3.76954732510288
1.90625 -3.83539094650206
-0.09375 -1.16872427983539
3.90625 1.49794238683127
-3.90625 -2.94650205761317
0.09375 -0.279835390946502
-1.90625 2.38683127572016
2.09375 -2.05761316872428
-2.90625 0.609053497942387
1.09375 3.27572016460905
-0.90625 -3.53909465020576
3.09375 -0.872427983539095
-3.40625 1.79423868312757
0.59375 -2.65020576131687
-1.40625 0.0164609053497937
2.59375 2.68312757201646
-2.40625 -1.76131687242798
1.59375 0.905349794238683
-0.40625 3.57201646090535
3.59375 -3.24279835390946
-3.65625 -0.576131687242798
0.34375 2.09053497942387
-1.65625 -2.35390946502058
2.34375 0.31275720164609
-2.65625 2.97942386831276
1.34375 -1.46502057613169
-0.65625 1.20164609053498
3.34375 3.86831275720164
-3.15625 -3.73662551440329
0.84375 -1.06995884773663
-1.15625 1.59670781893004
2.84375 -2.8477366255144
-2.15625 -0.181069958847737
1.84375 2.48559670781893
-0.15625 -1.95884773662551
3.84375 0.707818930041152
-3.78125 3.37448559670782
0.21875 -3.440329218107
-1.78125 -0.773662551440329
2.21875 1.89300411522634
-2.78125 -2.55144032921811
1.21875 0.11522633744856
-0.78125 2.78189300411522
3.21875 -1.66255144032922
-3.28125 1.00411522633745
0.71875 3.67078189300411
-1.28125 -3.1440329218107
2.71875 -0.477366255144033
-2.28125 2.18930041152263
1.71875 -2.25514403292181
-0.28125 0.411522633744855
3.71875 3.07818930041152
