0 -1.33333333333333
-2 1.33333333333333
2 -3.11111111111111
-3 -0.444444444444445
1 2.22222222222222
-1 -2.22222222222222
3 0.444444444444445
-3.5 3.11111111111111
0.5 -3.7037037037037
-1.5 -1.03703703703704
2.5 1.62962962962963
-2.5 -2.81481481481481
1.5 -0.148148148148148
-0.5 2.51851851851852
3.5 -1.92592592592593
-3.75 0.74074074074074
0.25 3.40740740740741
-1.75 -3.40740740740741
2.25 -0.740740740740741
-2.75 1.92592592592593
1.25 -2.51851851851852
-0.75 0.148148148148148
3.25 2.81481481481481
-3.25 -1.62962962962963
0.75 1.03703703703704
-1.25 3.7037037037037
2.75 -3.90123456790123
-2.25 -1.23456790123457
1.75 1.4320987654321
-0.25 -3.01234567901235
3.75 -0.345679012345679
-3.875 2.32098765432099
0.125 -2.12345679012346
-1.875 0.543209876543211
2.125 3.20987654320988
-2.875 -3.60493827160494
1.125 -0.938271604938272
-0.875 1.7283950617284
3.125 -2.71604938271605
-3.375 -0.0493827160493829
0.625 2.61728395061728
-1.375 -1.82716049382716
2.625 0.839506172839506
-2.375 3.50617283950617
1.625 -3.30864197530864
-0.375 -0.641975308641975
3.625 2.02469135802469
-3.625 -2.41975308641975
0.375 0.246913580246913
-1.625 2.91358024691358
2.375 -1.53086419753086
-2.625 1.1358024691358
1.375 3.80246913580247
-0.625 -3.80246913580247
3.375 -1.1358024691358
-3.125 1.53086419753086
0.875 -2.91358024691358
-1.125 -0.246913580246914
2.875 2.41975308641975
-2.125 -2.02469135802469
1.875 0.641975308641975
-0.125 3.30864197530864
3.875 -3.50617283950617
-3.9375 -0.839506172839506
0.0625 1.82716049382716
-1.9375 -2.61728395061728
2.0625 0.0493827160493829
-2.9375 2.71604938271605
1.0625 -1.7283950617284
-0.9375 0.938271604938271
3.0625 3.60493827160494
-3.4375 -3.20987654320988
0.5625 -0.54320987654321
-1.4375 2.12345679012346
2.5625 -2.32098765432099
-2.4375 0.345679012345679
1.5625 3.01234567901234
-0.4375 -1.4320987654321
3.5625 1.23456790123457
-3.6875 3.90123456790123
0.3125 -3.96707818930041
-1.6875 -1.30041152263375
2.3125 1.36625514403292
-2.6875 -3.07818930041152
1.3125 -0.411522633744856
-0.6875 2.25514403292181
3.3125 -2.18930041152263
-3.1875 0.477366255144033
0.8125 3.1440329218107
-1.1875 -3.67078189300412
2.8125 -1.00411522633745
-2.1875 1.66255144032922
1.8125 -2.78189300411523
-0.1875 -0.11522633744856
3.8125 2.55144032921811
-3.8125 -1.89300411522634
0.1875 0.773662551440329
-1.8125 3.44032921810699
2.1875 -3.37448559670782
-2.8125 -0.707818930041153
1.1875 1.95884773662551
-0.8125 -2.48559670781893
3.1875 0.181069958847736
-3.3125 2.8477366255144
0.6875 -1.59670781893004
-1.3125 1.06995884773663
2.6875 3.73662551440329
-2.3125 -3.86831275720165
1.6875 -1.20164609053498
-0.3125 1.46502057613169
3.6875 -2.97942386831276
-3.5625 -0.312757201646091
0.4375 2.35390946502058
-1.5625 -2.09053497942387
2.4375 0.576131687242799
-2.5625 3.24279835390946
1.4375 -3.57201646090535
-0.5625 -0.905349794238683
3.4375 1.76131687242798
-3.0625 -2.68312757201646
0.9375 -0.0164609053497946
-1.0625 2.65020576131687
2.9375 -1.79423868312757
-2.0625 0.872427983539095
1.9375 3.53909465020576
-0.0625 -3.27572016460905
3.9375 -0.609053497942387
-3.96875 2.05761316872428
0.03125 -2.38683127572016
-1.96875 0.279835390946501
2.03125 2.94650205761317
-2.96875 -1.49794238683128
1.03125 1.16872427983539
-0.96875 3.83539094650206
3.03125 -3.76954732510288
-3.46875 -1.10288065843621
0.53125 1.56378600823045
-1.46875 -2.88065843621399
2.53125 -0.213991769547325
-2.46875 2.45267489711934
1.53125 -1.9917695473251
-0.46875 0.674897119341564
3.53125 3.34156378600823
-3.71875 -3.47325102880658
0.28125 -0.806584362139918
-1.71875 1.86008230452675
2.28125 -2.5843621399177
-2.71875 0.0823045267489713
1.28125 2.74897119341564
-0.71875 -1.69547325102881
3.28125 0.97119341563786
-3.21875 3.63786008230453
0.78125 -3.17695473251029
-1.21875 -0.510288065843622
2.78125 2.15637860082304
-2.21875 -2.2880658436214
1.78125 0.378600823045267
-0.21875 3.04526748971193
3.78125 -1.39917695473251
-3.84375 1.26748971193416
0.15625 3.93415637860082
-1.84375 -3.93415637860082
2.15625 -1.26748971193416
-2.84375 1.39917695473251
1.15625 -3.04526748971193
-0.84375 -0.378600823045268
3.15625 2.2880658436214
-3.34375 -2.15637860082305
0.65625 0.510288065843621
-1.34375 3.17695473251029
2.65625 -3.63786008230453
-2.34375 -0.97119341563786
1.65625 1.69547325102881
-0.34375 -2.74897119341564
3.65625 -0.0823045267489713
-3.59375 2.58436213991769
0.40625 -1.86008230452675
-1.59375 0.806584362139917
2.40625 3.47325102880658
-2.59375 -3.34156378600823
1.40625 -0.674897119341564
-0.59375 1.9917695473251
3.40625 -2.45267489711934
-3.09375 0.213991769547325
0.90625 2.88065843621399
-1.09375 -1.56378600823045
2.90625 1.10288065843621
-2.09375 3.76954732510288
1.90625 -3.83539094650206
-0.09375 -1.16872427983539
3.90625 1.49794238683127
-3.90625 -2.94650205761317
0.09375 -0.279835390946502
-1.90625 2.38683127572016
2.09375 -2.05761316872428
-2.90625 0.609053497942387
1.09375 3.27572016460905
-0.90625 -3.53909465020576
3.09375 -0.872427983539095
-3.40625 1.79423868312757
0.59375 -2.65020576131687
-1.40625 0.0164609053497937
2.59375 2.68312757201646
-2.40625 -1.76131687242798
1.59375 0.905349794238683
-0.40625 3.57201646090535
3.59375 -3.24279835390946
-3.65625 -0.576131687242798
0.34375 2.09053497942387
-1.65625 -2.35390946502058
2.34375 0.31275720164609
-2.65625 2.97942386831276
1.34375 -1.46502057613169
-0.65625 1.20164609053498
3.34375 3.86831275720164
-3.15625 -3.73662551440329
0.84375 -1.06995884773663
-1.15625 1.59670781893004
2.84375 -2.8477366255144
-2.15625 -0.181069958847737
1.84375 2.48559670781893
-0.15625 -1.95884773662551
3.84375 0.707818930041152
-3.78125 3.37448559670782
0.21875 -3.440329218107
-1.78125 -0.773662551440329
2.21875 1.89300411522634
-2.78125 -2.55144032921811
1.21875 0.11522633744856
-0.78125 2.78189300411522
3.21875 -1.66255144032922
-3.28125 1.00411522633745
0.71875 3.67078189300411
-1.28125 -3.1440329218107
2.71875 -0.477366255144033
-2.28125 2.18930041152263
1.71875 -2.25514403292181
-0.28125 0.411522633744855
3.71875 3.07818930041152
-3.53125 -1.36625514403292
0.46875 1.30041152263374
-1.53125 3.96707818930041
2.46875 -3.98902606310014
-2.53125 -1.32235939643347
1.46875 1.3443072702332
-0.53125 -3.10013717421125
3.46875 -0.433470507544582
-3.03125 2.23319615912208
0.96875 -2.21124828532236
-1.03125 0.455418381344307
2.96875 3.12208504801097
-2.03125 -3.69272976680384
1.96875 -1.02606310013717
-0.03125 1.64060356652949
3.96875 -2.80384087791495
-3.984375 -0.137174211248285
0.015625 2.52949245541838
-1.984375 -1.91495198902606
2.015625 0.751714677640603
-2.984375 3.41838134430727
1.015625 -3.39643347050754
-0.984375 -0.729766803840878
3.015625 1.93689986282579
-3.484375 -2.50754458161866
0.515625 0.15912208504801
-1.484375 2.82578875171468
2.515625 -1.61865569272977
-2.484375 1.0480109739369
1.515625 3.71467764060357
-0.484375 -3.89026063100137
3.515625 -1.22359396433471
-3.734375 1.44307270233196
0.265625 -3.00137174211248
-1.734375 -0.334705075445816
2.265625 2.33196159122085
-2.734375 -2.11248285322359
1.265625 0.554183813443073
-0.734375 3.22085048010974
3.265625 -3.59396433470508
-3.234375 -0.927297668038409
0.765625 1.73936899862826
-1.234375 -2.70507544581619
2.765625 -0.03840877914952
-2.234375 2.62825788751715
1.765625 -1.8161865569273
-0.234375 0.850480109739369
3.765625 3.51714677640603
-3.859375 -3.29766803840878
0.140625 -0.631001371742113
-1.859375 2.03566529492455
2.140625 -2.40877914951989
-2.859375 0.257887517146775
1.140625 2.92455418381344
-0.859375 -1.519890260631
3.140625 1.14677640603566
-3.359375 3.81344307270233
0.640625 -3.79149519890261
-1.359375 -1.12482853223594
2.640625 1.54183813443073
-2.359375 -2.90260631001372
1.640625 -0.235939643347051
-0.359375 2.43072702331961
3.640625 -2.01371742112483
-3.609375 0.652949245541838
0.390625 3.3196159122085
-1.609375 -3.49519890260631
2.390625 -0.828532235939643
-2.609375 1.83813443072702
1.390625 -2.60631001371742
-0.609375 0.0603566529492454
3.390625 2.72702331961591
-3.109375 -1.71742112482853
0.890625 0.949245541838134
-1.109375 3.6159122085048
2.890625 -3.19890260631001
-2.109375 -0.532235939643347
1.890625 2.13443072702332
-0.109375 -2.31001371742112
3.890625 0.356652949245541
-3.921875 3.02331961591221
0.078125 -1.42112482853224
-1.921875 1.24554183813443
2.078125 3.9122085048011
-2.921875 -3.95610425240055
1.078125 -1.28943758573388
-0.921875 1.37722908093278
3.078125 -3.06721536351166
-3.421875 -0.400548696844993
0.578125 2.26611796982167
-1.421875 -2.17832647462277
2.578125 0.488340192043895
-2.421875 3.15500685871056
1.578125 -3.65980795610425
-0.421875 -0.993141289437586
3.578125 1.67352537722908
-3.671875 -2.77091906721536
0.328125 -0.104252400548697
-1.671875 2.56241426611797
2.328125 -1.88203017832647
-2.671875 0.784636488340191
1.328125 3.45130315500686
-0.671875 -3.36351165980796
3.328125 -0.69684499314129
-3.171875 1.96982167352538
0.828125 -2.47462277091907
-1.171875 0.192043895747599
2.828125 2.85871056241426
-2.171875 -1.58573388203018
1.828125 1.08093278463649
-0.171875 3.74759945130315
3.828125 -3.85733882030178
-3.796875 -1.19067215363512
0.203125 1.47599451303155
-1.796875 -2.96844993141289
2.203125 -0.301783264746228
-2.796875 2.36488340192044
1.203125 -2.07956104252401
-0.796875 0.587105624142661
3.203125 3.25377229080933
-3.296875 -3.56104252400549
0.703125 -0.894375857338821
-1.296875 1.77229080932785
2.703125 -2.6721536351166
-2.296875 -0.00548696844993168
1.703125 2.66117969821673
-0.296875 -1.78326474622771
3.703125 0.883401920438957
-3.546875 3.55006858710562
0.453125 -3.26474622770919
-1.546875 -0.598079561042524
2.453125 2.06858710562414
-2.546875 -2.3758573388203
1.453125 0.290809327846364
-0.546875 2.95747599451303
3.453125 -1.48696844993141
-3.046875 1.17969821673525
0.953125 3.84636488340192
-1.046875 -3.75857338820302
2.953125 -1.09190672153635
-2.046875 1.57475994513031
1.953125 -2.86968449931413
-0.046875 -0.203017832647463
3.953125 2.4636488340192
-3.953125 -1.98079561042524
0.046875 0.685871056241426
-1.953125 3.35253772290809
2.046875 -3.46227709190672
-2.953125 -0.795610425240055
1.046875 1.87105624142661
-0.953125 -2.57338820301783
3.046875 0.0932784636488337
-3.453125 2.7599451303155
0.546875 -1.68449931412894
-1.453125 0.982167352537722
2.546875 3.64883401920439
-2.453125 -3.16598079561043
1.546875 -0.499314128943759
-0.453125 2.16735253772291
3.546875 -2.27709190672154
-3.703125 0.38957475994513
0.296875 3.0562414266118
-1.703125 -1.38820301783265
2.296875 1.27846364883402
-2.703125 3.94513031550068
1.296875 -3.92318244170096
-0.703125 -1.25651577503429
3.296875 1.41015089163237
-3.203125 -3.03429355281207
0.796875 -0.367626886145405
-1.203125 2.29903978052126
2.796875 -2.14540466392318
-2.203125 0.521262002743484
1.796875 3.18792866941015
-0.203125 -3.62688614540466
3.796875 -0.960219478737997
-3.828125 1.70644718792867
0.171875 -2.73799725651577
-1.828125 -0.0713305898491083
2.171875 2.59533607681756
-2.828125 -1.84910836762689
1.171875 0.81755829903978
-0.828125 3.48422496570645
3.171875 -3.33058984910837
-3.328125 -0.663923182441701
0.671875 2.00274348422496
-1.328125 -2.44170096021948
2.671875 0.224965706447187
-2.328125 2.89163237311385
1.671875 -1.55281207133059
-0.328125 1.11385459533608
3.671875 3.78052126200274
-3.578125 -3.82441700960219
0.421875 -1.15775034293553
-1.578125 1.50891632373114
2.421875 -2.93552812071331
-2.578125 -0.268861454046639
1.421875 2.39780521262003
-0.578125 -2.04663923182442
3.421875 0.62002743484225
-3.078125 3.28669410150892
0.921875 -3.5281207133059
-1.078125 -0.861454046639232
2.921875 1.80521262002743
-2.078125 -2.63923182441701
1.921875 0.0274348422496562
-0.078125 2.69410150891632
3.921875 -1.75034293552812
-3.890625 0.916323731138545
0.109375 3.58299039780521
-1.890625 -3.2318244170096
2.109375 -0.565157750342935
-2.890625 2.10150891632373
1.109375 -2.34293552812071
-0.890625 0.323731138545952
3.109375 2.99039780521262
-3.390625 -1.45404663923182
0.609375 1.21262002743484
-1.390625 3.87928669410151
2.609375 -3.72565157750343
-2.390625 -1.05898491083676
1.609375 1.6076817558299
-0.390625 -2.83676268861454
3.609375 -0.170096021947874
-3.640625 2.49657064471879
0.359375 -1.94787379972565
-1.640625 0.718792866941015
2.359375 3.38545953360768
-2.640625 -3.42935528120713
1.359375 -0.762688614540466
-0.640625 1.9039780521262
3.359375 -2.54046639231824
-3.140625 0.126200274348422
0.859375 2.79286694101509
-1.140625 -1.65157750342936
2.859375 1.01508916323731
-2.140625 3.68175582990398
1.859375 -3.13305898491084
-0.140625 -0.46639231824417
3.859375 2.2002743484225
-3.765625 -2.24417009602195
0.234375 0.422496570644718
-1.765625 3.08916323731138
2.234375 -1.35528120713306
-2.765625 1.31138545953361
1.234375 3.97805212620027
-0.765625 -3.97805212620027
3.234375 -1.31138545953361
-3.265625 1.35528120713306
0.734375 -3.08916323731139
-1.265625 -0.422496570644719
2.734375 2.24417009602195
-2.265625 -2.2002743484225
1.734375 0.46639231824417
-0.265625 3.13305898491084
3.734375 -3.68175582990398
-3.515625 -1.01508916323731
0.484375 1.65157750342936
-1.515625 -2.79286694101509
2.484375 -0.126200274348423
-2.515625 2.54046639231824
1.484375 -1.9039780521262
-0.515625 0.762688614540466
3.484375 3.42935528120713
