0 -1.66666666666667 0 -1.66666666666667 0 -1.66666666666667
-2.5 1.66666666666667 -2.5 1.66666666666667 -2.5 1.66666666666667
2.5 -3.88888888888889 2.5 -3.88888888888889 2.5 -3.88888888888889
-3.75 -0.555555555555556 -3.75 -0.555555555555556 -3.75 -0.555555555555556
1.25 2.77777777777778 1.25 2.77777777777778 1.25 2.77777777777778
-1.25 -2.77777777777778 -1.25 -2.77777777777778 -1.25 -2.77777777777778
3.75 0.555555555555556 3.75 0.555555555555556 3.75 0.555555555555556
-4.375 3.88888888888889 -4.375 3.88888888888889 -4.375 3.88888888888889
0.625 -4.62962962962963 0.625 -4.62962962962963 0.625 -4.62962962962963
-1.875 -1.2962962962963 -1.875 -1.2962962962963 -1.875 -1.2962962962963
3.125 2.03703703703704 3.125 2.03703703703704 3.125 2.03703703703704
-3.125 -3.51851851851852 -3.125 -3.51851851851852 -3.125 -3.51851851851852
1.875 -0.185185185185185 1.875 -0.185185185185185 1.875 -0.185185185185185
-0.625 3.14814814814815 -0.625 3.14814814814815 -0.625 3.14814814814815
4.375 -2.40740740740741 4.375 -2.40740740740741 4.375 -2.40740740740741
-4.6875 0.925925925925926 -4.6875 0.925925925925926 -4.6875 0.925925925925926
0.3125 4.25925925925926 0.3125 4.25925925925926 0.3125 4.25925925925926
-2.1875 -4.25925925925926 -2.1875 -4.25925925925926 -2.1875 -4.25925925925926
2.8125 -0.925925925925926 2.8125 -0.925925925925926 2.8125 -0.925925925925926
-3.4375 2.40740740740741 -3.4375 2.40740740740741 -3.4375 2.40740740740741
1.5625 -3.14814814814815 1.5625 -3.14814814814815 1.5625 -3.14814814814815
-0.9375 0.185185185185185 -0.9375 0.185185185185185 -0.9375 0.185185185185185
4.0625 3.51851851851852 4.0625 3.51851851851852 4.0625 3.51851851851852
-4.0625 -2.03703703703704 -4.0625 -2.03703703703704 -4.0625 -2.03703703703704
0.9375 1.2962962962963 0.9375 1.2962962962963 0.9375 1.2962962962963
-1.5625 4.62962962962963 -1.5625 4.62962962962963 -1.5625 4.62962962962963
3.4375 -4.87654320987654 3.4375 -4.87654320987654 3.4375 -4.87654320987654
-2.8125 -1.54320987654321 -2.8125 -1.54320987654321 -2.8125 -1.54320987654321
2.1875 1.79012345679012 2.1875 1.79012345679012 2.1875 1.79012345679012
-0.3125 -3.76543209876543 -0.3125 -3.76543209876543 -0.3125 -3.76543209876543
4.6875 -0.432098765432099 4.6875 -0.432098765432099 4.6875 -0.432098765432099
-4.84375 2.90123456790123 -4.84375 2.90123456790123 -4.84375 2.90123456790123
0.15625 -2.65432098765432 0.15625 -2.65432098765432 0.15625 -2.65432098765432
-2.34375 0.679012345679013 -2.34375 0.679012345679013 -2.34375 0.679012345679013
2.65625 4.01234567901235 2.65625 4.01234567901235 2.65625 4.01234567901235
-3.59375 -4.50617283950617 -3.59375 -4.50617283950617 -3.59375 -4.50617283950617
1.40625 -1.17283950617284 1.40625 -1.17283950617284 1.40625 -1.17283950617284
-1.09375 2.16049382716049 -1.09375 2.16049382716049 -1.09375 2.16049382716049
3.90625 -3.39506172839506 3.90625 -3.39506172839506 3.90625 -3.39506172839506
-4.21875 -0.0617283950617287 -4.21875 -0.0617283950617287 -4.21875 -0.0617283950617287
0.78125 3.2716049382716 0.78125 3.2716049382716 0.78125 3.2716049382716
-1.71875 -2.28395061728395 -1.71875 -2.28395061728395 -1.71875 -2.28395061728395
3.28125 1.04938271604938 3.28125 1.04938271604938 3.28125 1.04938271604938
-2.96875 4.38271604938272 -2.96875 4.38271604938272 -2.96875 4.38271604938272
2.03125 -4.1358024691358 2.03125 -4.1358024691358 2.03125 -4.1358024691358
-0.46875 -0.802469135802469 -0.46875 -0.802469135802469 -0.46875 -0.802469135802469
4.53125 2.53086419753086 4.53125 2.53086419753086 4.53125 2.53086419753086
-4.53125 -3.02469135802469 -4.53125 -3.02469135802469 -4.53125 -3.02469135802469
0.46875 0.308641975308641 0.46875 0.308641975308641 0.46875 0.308641975308641
-2.03125 3.64197530864197 -2.03125 3.64197530864197 -2.03125 3.64197530864197
2.96875 -1.91358024691358 2.96875 -1.91358024691358 2.96875 -1.91358024691358
-3.28125 1.41975308641975 -3.28125 1.41975308641975 -3.28125 1.41975308641975
1.71875 4.75308641975309 1.71875 4.75308641975309 1.71875 4.75308641975309
-0.78125 -4.75308641975309 -0.78125 -4.75308641975309 -0.78125 -4.75308641975309
4.21875 -1.41975308641975 4.21875 -1.41975308641975 4.21875 -1.41975308641975
-3.90625 1.91358024691358 -3.90625 1.91358024691358 -3.90625 1.91358024691358
1.09375 -3.64197530864198 1.09375 -3.64197530864198 1.09375 -3.64197530864198
-1.40625 -0.308641975308642 -1.40625 -0.308641975308642 -1.40625 -0.308641975308642
3.59375 3.02469135802469 3.59375 3.02469135802469 3.59375 3.02469135802469
-2.65625 -2.53086419753086 -2.65625 -2.53086419753086 -2.65625 -2.53086419753086
2.34375 0.802469135802469 2.34375 0.802469135802469 2.34375 0.802469135802469
-0.15625 4.1358024691358 -0.15625 4.1358024691358 -0.15625 4.1358024691358
4.84375 -4.38271604938272 4.84375 -4.38271604938272 4.84375 -4.38271604938272
-4.921875 -1.04938271604938 -4.921875 -1.04938271604938 -4.921875 -1.04938271604938
0.078125 2.28395061728395 0.078125 2.28395061728395 0.078125 2.28395061728395
-2.421875 -3.27160493827161 -2.421875 -3.27160493827161 -2.421875 -3.27160493827161
2.578125 0.0617283950617287 2.578125 0.0617283950617287 2.578125 0.0617283950617287
-3.671875 3.39506172839506 -3.671875 3.39506172839506 -3.671875 3.39506172839506
1.328125 -2.16049382716049 1.328125 -2.16049382716049 1.328125 -2.16049382716049
-1.171875 1.17283950617284 -1.171875 1.17283950617284 -1.171875 1.17283950617284
3.828125 4.50617283950617 3.828125 4.50617283950617 3.828125 4.50617283950617
-4.296875 -4.01234567901235 -4.296875 -4.01234567901235 -4.296875 -4.01234567901235
0.703125 -0.679012345679013 0.703125 -0.679012345679013 0.703125 -0.679012345679013
-1.796875 2.65432098765432 -1.796875 2.65432098765432 -1.796875 2.65432098765432
3.203125 -2.90123456790123 3.203125 -2.90123456790123 3.203125 -2.90123456790123
-3.046875 0.432098765432098 -3.046875 0.432098765432098 -3.046875 0.432098765432098
1.953125 3.76543209876543 1.953125 3.76543209876543 1.953125 3.76543209876543
-0.546875 -1.79012345679012 -0.546875 -1.79012345679012 -0.546875 -1.79012345679012
4.453125 1.54320987654321 4.453125 1.54320987654321 4.453125 1.54320987654321
-4.609375 4.87654320987654 -4.609375 4.87654320987654 -4.609375 4.87654320987654
0.390625 -4.95884773662551 0.390625 -4.95884773662551 0.390625 -4.95884773662551
-2.109375 -1.62551440329218 -2.109375 -1.62551440329218 -2.109375 -1.62551440329218
2.890625 1.70781893004115 2.890625 1.70781893004115 2.890625 1.70781893004115
-3.359375 -3.8477366255144 -3.359375 -3.8477366255144 -3.359375 -3.8477366255144
1.640625 -0.51440329218107 1.640625 -0.51440329218107 1.640625 -0.51440329218107
-0.859375 2.81893004115226 -0.859375 2.81893004115226 -0.859375 2.81893004115226
4.140625 -2.73662551440329 4.140625 -2.73662551440329 4.140625 -2.73662551440329
-3.984375 0.596707818930041 -3.984375 0.596707818930041 -3.984375 0.596707818930041
1.015625 3.93004115226337 1.015625 3.93004115226337 1.015625 3.93004115226337
-1.484375 -4.58847736625514 -1.484375 -4.58847736625514 -1.484375 -4.58847736625514
3.515625 -1.25514403292181 3.515625 -1.25514403292181 3.515625 -1.25514403292181
-2.734375 2.07818930041152 -2.734375 2.07818930041152 -2.734375 2.07818930041152
2.265625 -3.47736625514403 2.265625 -3.47736625514403 2.265625 -3.47736625514403
-0.234375 -0.1440329218107 -0.234375 -0.1440329218107 -0.234375 -0.1440329218107
4.765625 3.18930041152263 4.765625 3.18930041152263 4.765625 3.18930041152263
-4.765625 -2.36625514403292 -4.765625 -2.36625514403292 -4.765625 -2.36625514403292
0.234375 0.967078189300411 0.234375 0.967078189300411 0.234375 0.967078189300411
-2.265625 4.30041152263374 -2.265625 4.30041152263374 -2.265625 4.30041152263374
2.734375 -4.21810699588477 2.734375 -4.21810699588477 2.734375 -4.21810699588477
