0 -1.33333333333333
-2 1.33333333333333
2 -3.11111111111111
-3 -0.444444444444445
1 2.22222222222222
-1 -2.22222222222222
3 0.444444444444445
-3.5 3.11111111111111
0.5 -3.7037037037037
-1.5 -1.03703703703704
2.5 1.62962962962963
-2.5 -2.81481481481481
1.5 -0.148148148148148
-0.5 2.51851851851852
3.5 -1.92592592592593
-3.75 0.74074074074074
0.25 3.40740740740741
-1.75 -3.40740740740741
2.25 -0.740740740740741
-2.75 1.92592592592593
1.25 -2.51851851851852
-0.75 0.148148148148148
3.25 2.81481481481481
-3.25 -1.62962962962963
0.75 1.03703703703704
-1.25 3.7037037037037
2.75 -3.90123456790123
-2.25 -1.23456790123457
1.75 1.4320987654321
-0.25 -3.01234567901235
3.75 -0.345679012345679
-3.875 2.32098765432099
0.125 -2.12345679012346
-1.875 0.543209876543211
2.125 3.20987654320988
-2.875 -3.60493827160494
1.125 -0.938271604938272
-0.875 1.7283950617284
3.125 -2.71604938271605
-3.375 -0.0493827160493829
0.625 2.61728395061728
-1.375 -1.82716049382716
2.625 0.839506172839506
-2.375 3.50617283950617
1.625 -3.30864197530864
-0.375 -0.641975308641975
3.625 2.02469135802469
-3.625 -2.41975308641975
0.375 0.246913580246913
-1.625 2.91358024691358
2.375 -1.53086419753086
-2.625 1.1358024691358
1.375 3.80246913580247
-0.625 -3.80246913580247
3.375 -1.1358024691358
-3.125 1.53086419753086
0.875 -2.91358024691358
-1.125 -0.246913580246914
2.875 2.41975308641975
-2.125 -2.02469135802469
1.875 0.641975308641975
-0.125 3.30864197530864
3.875 -3.50617283950617
-3.9375 -0.839506172839506
0.0625 1.82716049382716
-1.9375 -2.61728395061728
2.0625 0.0493827160493829
-2.9375 2.71604938271605
1.0625 -1.7283950617284
-0.9375 0.938271604938271
3.0625 3.60493827160494
-3.4375 -3.20987654320988
0.5625 -0.54320987654321
-1.4375 2.12345679012346
2.5625 -2.32098765432099
-2.4375 0.345679012345679
1.5625 3.01234567901234
-0.4375 -1.4320987654321
3.5625 1.23456790123457
-3.6875 3.90123456790123
0.3125 -3.96707818930041
-1.6875 -1.30041152263375
2.3125 1.36625514403292
-2.6875 -3.07818930041152
1.3125 -0.411522633744856
-0.6875 2.25514403292181
3.3125 -2.18930041152263
-3.1875 0.477366255144033
0.8125 3.1440329218107
-1.1875 -3.67078189300412
2.8125 -1.00411522633745
-2.1875 1.66255144032922
1.8125 -2.78189300411523
-0.1875 -0.11522633744856
3.8125 2.55144032921811
-3.8125 -1.89300411522634
0.1875 0.773662551440329
-1.8125 3.44032921810699
2.1875 -3.37448559670782
-2.8125 -0.707818930041153
1.1875 1.95884773662551
-0.8125 -2.48559670781893
3.1875 0.181069958847736
-3.3125 2.8477366255144
0.6875 -1.59670781893004
-1.3125 1.06995884773663
2.6875 3.73662551440329
-2.3125 -3.86831275720165
1.6875 -1.20164609053498
-0.3125 1.46502057613169
3.6875 -2.97942386831276
-3.5625 -0.312757201646091
0.4375 2.35390946502058
-1.5625 -2.09053497942387
2.4375 0.576131687242799
-2.5625 3.24279835390946
1.4375 -3.57201646090535
-0.5625 -0.905349794238683
3.4375 1.76131687242798
-3.0625 -2.68312757201646
0.9375 -0.0164609053497946
-1.0625 2.65020576131687
2.9375 -1.79423868312757
-2.0625 0.872427983539095
1.9375 3.53909465020576
-0.0625 -3.27572016460905
3.9375 -0.609053497942387
-3.96875 2.05761316872428
0.03125 -2.38683127572016
-1.96875 0.279835390946501
2.03125 2.94650205761317
-2.96875 -1.49794238683128
1.03125 1.16872427983539
-0.96875 3.83539094650206
3.03125 -3.76954732510288
-3.46875 -1.10288065843621
0.53125 1.56378600823045
-1.46875 -2.88065843621399
2.53125 -0.213991769547325
-2.46875 2.45267489711934
1.53125 -1.9917695473251
-0.46875 0.674897119341564
3.53125 3.34156378600823
-3.71875 -3.47325102880658
0.28125 -0.806584362139918
-1.71875 1.86008230452675
2.28125 -2.5843621399177
-2.71875 0.0823045267489713
1.28125 2.74897119341564
-0.71875 -1.69547325102881
3.28125 0.97119341563786
-3.21875 3.63786008230453
0.78125 -3.17695473251029
-1.21875 -0.510288065843622
2.78125 2.15637860082304
-2.21875 -2.2880658436214
1.78125 0.378600823045267
-0.21875 3.04526748971193
3.78125 -1.39917695473251
-3.84375 1.26748971193416
0.15625 3.93415637860082
-1.84375 -3.93415637860082
2.15625 -1.26748971193416
-2.84375 1.39917695473251
1.15625 -3.04526748971193
-0.84375 -0.378600823045268
3.15625 2.2880658436214
-3.34375 -2.15637860082305
0.65625 0.510288065843621
-1.34375 3.17695473251029
2.65625 -3.63786008230453
-2.34375 -0.97119341563786
1.65625 1.69547325102881
-0.34375 -2.74897119341564
3.65625 -0.0823045267489713
-3.59375 2.58436213991769
0.40625 -1.86008230452675
-1.59375 0.806584362139917
2.40625 3.47325102880658
-2.59375 -3.34156378600823
1.40625 -0.674897119341564
-0.59375 1.9917695473251
3.40625 -2.45267489711934
-3.09375 0.213991769547325
0.90625 2.88065843621399
-1.09375 -1.56378600823045
2.90625 1.10288065843621
-2.09375 3.76954732510288
1.90625 -3.83539094650206
-0.09375 -1.16872427983539
3.90625 1.49794238683127
-3.90625 -2.94650205761317
0.09375 -0.279835390946502
-1.90625 2.38683127572016
2.09375 -2.05761316872428
-2.90625 0.609053497942387
1.09375 3.27572016460905
-0.90625 -3.53909465020576
3.09375 -0.872427983539095
-3.40625 1.79423868312757
0.59375 -2.65020576131687
-1.40625 0.0164609053497937
2.59375 2.68312757201646
-2.40625 -1.76131687242798
1.59375 0.905349794238683
-0.40625 3.57201646090535
3.59375 -3.24279835390946
-3.65625 -0.576131687242798
0.34375 2.09053497942387
-1.65625 -2.35390946502058
2.34375 0.31275720164609
-2.65625 2.97942386831276
1.34375 -1.46502057613169
-0.65625 1.20164609053498
3.34375 3.86831275720164
-3.15625 -3.73662551440329
0.84375 -1.06995884773663
-1.15625 1.59670781893004
2.84375 -2.8477366255144
-2.15625 -0.181069958847737
1.84375 2.48559670781893
-0.15625 -1.95884773662551
3.84375 0.707818930041152
-3.78125 3.37448559670782
0.21875 -3.440329218107
-1.78125 -0.773662551440329
2.21875 1.89300411522634
-2.78125 -2.55144032921811
1.21875 0.11522633744856
-0.78125 2.78189300411522
3.21875 -1.66255144032922
-3.28125 1.00411522633745
0.71875 3.67078189300411
-1.28125 -3.1440329218107
2.71875 -0.477366255144033
-2.28125 2.18930041152263
1.71875 -2.25514403292181
-0.28125 0.411522633744855
3.71875 3.07818930041152
-3.53125 -1.36625514403292
0.46875 1.30041152263374
-1.53125 3.96707818930041
2.46875 -3.98902606310014
-2.53125 -1.32235939643347
1.46875 1.3443072702332
-0.53125 -3.10013717421125
3.46875 -0.433470507544582
-3.03125 2.23319615912208
0.96875 -2.21124828532236
-1.03125 0.455418381344307
2.96875 3.12208504801097
-2.03125 -3.69272976680384
1.96875 -1.02606310013717
-0.03125 1.64060356652949
3.96875 -2.80384087791495
-3.984375 -0.137174211248285
0.015625 2.52949245541838
-1.984375 -1.91495198902606
2.015625 0.751714677640603
-2.984375 3.41838134430727
1.015625 -3.39643347050754
-0.984375 -0.729766803840878
3.015625 1.93689986282579
-3.484375 -2.50754458161866
0.515625 0.15912208504801
-1.484375 2.82578875171468
2.515625 -1.61865569272977
-2.484375 1.0480109739369
1.515625 3.71467764060357
-0.484375 -3.89026063100137
3.515625 -1.22359396433471
-3.734375 1.44307270233196
0.265625 -3.00137174211248
-1.734375 -0.334705075445816
2.265625 2.33196159122085
-2.734375 -2.11248285322359
1.265625 0.554183813443073
-0.734375 3.22085048010974
3.265625 -3.59396433470508
-3.234375 -0.927297668038409
0.765625 1.73936899862826
-1.234375 -2.70507544581619
2.765625 -0.03840877914952
-2.234375 2.62825788751715
1.765625 -1.8161865569273
-0.234375 0.850480109739369
3.765625 3.51714677640603
-3.859375 -3.29766803840878
0.140625 -0.631001371742113
-1.859375 2.03566529492455
2.140625 -2.40877914951989
-2.859375 0.257887517146775
1.140625 2.92455418381344
-0.859375 -1.519890260631
3.140625 1.14677640603566
-3.359375 3.81344307270233
0.640625 -3.79149519890261
-1.359375 -1.12482853223594
2.640625 1.54183813443073
-2.359375 -2.90260631001372
1.640625 -0.235939643347051
-0.359375 2.43072702331961
3.640625 -2.01371742112483
-3.609375 0.652949245541838
0.390625 3.3196159122085
-1.609375 -3.49519890260631
2.390625 -0.828532235939643
-2.609375 1.83813443072702
1.390625 -2.60631001371742
-0.609375 0.0603566529492454
3.390625 2.72702331961591
-3.109375 -1.71742112482853
0.890625 0.949245541838134
-1.109375 3.6159122085048
2.890625 -3.19890260631001
-2.109375 -0.532235939643347
1.890625 2.13443072702332
-0.109375 -2.31001371742112
3.890625 0.356652949245541
-3.921875 3.02331961591221
0.078125 -1.42112482853224
-1.921875 1.24554183813443
2.078125 3.9122085048011
-2.921875 -3.95610425240055
1.078125 -1.28943758573388
-0.921875 1.37722908093278
3.078125 -3.06721536351166
-3.421875 -0.400548696844993
0.578125 2.26611796982167
-1.421875 -2.17832647462277
2.578125 0.488340192043895
-2.421875 3.15500685871056
1.578125 -3.65980795610425
-0.421875 -0.993141289437586
3.578125 1.67352537722908
-3.671875 -2.77091906721536
0.328125 -0.104252400548697
-1.671875 2.56241426611797
2.328125 -1.88203017832647
-2.671875 0.784636488340191
1.328125 3.45130315500686
-0.671875 -3.36351165980796
3.328125 -0.69684499314129
-3.171875 1.96982167352538
0.828125 -2.47462277091907
-1.171875 0.192043895747599
2.828125 2.85871056241426
-2.171875 -1.58573388203018
1.828125 1.08093278463649
-0.171875 3.74759945130315
3.828125 -3.85733882030178
-3.796875 -1.19067215363512
0.203125 1.47599451303155
-1.796875 -2.96844993141289
2.203125 -0.301783264746228
-2.796875 2.36488340192044
1.203125 -2.07956104252401
-0.796875 0.587105624142661
3.203125 3.25377229080933
-3.296875 -3.56104252400549
0.703125 -0.894375857338821
-1.296875 1.77229080932785
2.703125 -2.6721536351166
-2.296875 -0.00548696844993168
1.703125 2.66117969821673
-0.296875 -1.78326474622771
3.703125 0.883401920438957
-3.546875 3.55006858710562
0.453125 -3.26474622770919
-1.546875 -0.598079561042524
2.453125 2.06858710562414
-2.546875 -2.3758573388203
1.453125 0.290809327846364
-0.546875 2.95747599451303
3.453125 -1.48696844993141
-3.046875 1.17969821673525
0.953125 3.84636488340192
-1.046875 -3.75857338820302
2.953125 -1.09190672153635
-2.046875 1.57475994513031
1.953125 -2.86968449931413
-0.046875 -0.203017832647463
3.953125 2.4636488340192
-3.953125 -1.98079561042524
0.046875 0.685871056241426
-1.953125 3.35253772290809
2.046875 -3.46227709190672
-2.953125 -0.795610425240055
1.046875 1.87105624142661
-0.953125 -2.57338820301783
3.046875 0.0932784636488337
-3.453125 2.7599451303155
0.546875 -1.68449931412894
-1.453125 0.982167352537722
2.546875 3.64883401920439
-2.453125 -3.16598079561043
1.546875 -0.499314128943759
-0.453125 2.16735253772291
3.546875 -2.27709190672154
-3.703125 0.38957475994513
0.296875 3.0562414266118
-1.703125 -1.38820301783265
2.296875 1.27846364883402
-2.703125 3.94513031550068
1.296875 -3.92318244170096
-0.703125 -1.25651577503429
3.296875 1.41015089163237
-3.203125 -3.03429355281207
0.796875 -0.367626886145405
-1.203125 2.29903978052126
2.796875 -2.14540466392318
-2.203125 0.521262002743484
1.796875 3.18792866941015
-0.203125 -3.62688614540466
3.796875 -0.960219478737997
-3.828125 1.70644718792867
0.171875 -2.73799725651577
-1.828125 -0.0713305898491083
2.171875 2.59533607681756
-2.828125 -1.84910836762689
1.171875 0.81755829903978
-0.828125 3.48422496570645
3.171875 -3.33058984910837
-3.328125 -0.663923182441701
0.671875 2.00274348422496
-1.328125 -2.44170096021948
2.671875 0.224965706447187
-2.328125 2.89163237311385
1.671875 -1.55281207133059
-0.328125 1.11385459533608
3.671875 3.78052126200274
-3.578125 -3.82441700960219
0.421875 -1.15775034293553
-1.578125 1.50891632373114
2.421875 -2.93552812071331
-2.578125 -0.268861454046639
1.421875 2.39780521262003
-0.578125 -2.04663923182442
3.421875 0.62002743484225
-3.078125 3.28669410150892
0.921875 -3.5281207133059
-1.078125 -0.861454046639232
2.921875 1.80521262002743
-2.078125 -2.63923182441701
1.921875 0.0274348422496562
-0.078125 2.69410150891632
3.921875 -1.75034293552812
-3.890625 0.916323731138545
0.109375 3.58299039780521
-1.890625 -3.2318244170096
2.109375 -0.565157750342935
-2.890625 2.10150891632373
1.109375 -2.34293552812071
-0.890625 0.323731138545952
3.109375 2.99039780521262
-3.390625 -1.45404663923182
0.609375 1.21262002743484
-1.390625 3.87928669410151
2.609375 -3.72565157750343
-2.390625 -1.05898491083676
1.609375 1.6076817558299
-0.390625 -2.83676268861454
3.609375 -0.170096021947874
-3.640625 2.49657064471879
0.359375 -1.94787379972565
-1.640625 0.718792866941015
2.359375 3.38545953360768
-2.640625 -3.42935528120713
1.359375 -0.762688614540466
-0.640625 1.9039780521262
3.359375 -2.54046639231824
-3.140625 0.126200274348422
0.859375 2.79286694101509
-1.140625 -1.65157750342936
2.859375 1.01508916323731
-2.140625 3.68175582990398
1.859375 -3.13305898491084
-0.140625 -0.46639231824417
3.859375 2.2002743484225
-3.765625 -2.24417009602195
0.234375 0.422496570644718
-1.765625 3.08916323731138
2.234375 -1.35528120713306
-2.765625 1.31138545953361
1.234375 3.97805212620027
-0.765625 -3.97805212620027
3.234375 -1.31138545953361
-3.265625 1.35528120713306
0.734375 -3.08916323731139
-1.265625 -0.422496570644719
2.734375 2.24417009602195
-2.265625 -2.2002743484225
1.734375 0.46639231824417
-0.265625 3.13305898491084
3.734375 -3.68175582990398
-3.515625 -1.01508916323731
0.484375 1.65157750342936
-1.515625 -2.79286694101509
2.484375 -0.126200274348423
-2.515625 2.54046639231824
1.484375 -1.9039780521262
-0.515625 0.762688614540466
3.484375 3.42935528120713
-3.015625 -3.38545953360768
0.984375 -0.718792866941015
-1.015625 1.94787379972565
2.984375 -2.49657064471879
-2.015625 0.170096021947874
1.984375 2.83676268861454
-0.015625 -1.6076817558299
3.984375 1.05898491083676
-3.9921875 3.72565157750343
0.0078125 -3.87928669410151
-1.9921875 -1.21262002743484
2.0078125 1.45404663923182
-2.9921875 -2.99039780521262
1.0078125 -0.323731138545953
-0.9921875 2.34293552812071
3.0078125 -2.10150891632373
-3.4921875 0.565157750342936
0.5078125 3.2318244170096
-1.4921875 -3.58299039780521
2.5078125 -0.916323731138546
-2.4921875 1.75034293552812
1.5078125 -2.69410150891632
-0.4921875 -0.0274348422496571
3.5078125 2.63923182441701
-3.7421875 -1.80521262002743
0.2578125 0.861454046639232
-1.7421875 3.5281207133059
2.2578125 -3.28669410150892
-2.7421875 -0.62002743484225
1.2578125 2.04663923182442
-0.7421875 -2.39780521262003
3.2578125 0.268861454046639
-3.2421875 2.9355281207133
0.7578125 -1.50891632373114
-1.2421875 1.15775034293553
2.7578125 3.82441700960219
-2.2421875 -3.78052126200274
1.7578125 -1.11385459533608
-0.2421875 1.55281207133059
3.7578125 -2.89163237311385
-3.8671875 -0.224965706447188
0.1328125 2.44170096021948
-1.8671875 -2.00274348422497
2.1328125 0.663923182441701
-2.8671875 3.33058984910837
1.1328125 -3.48422496570645
-0.8671875 -0.817558299039781
3.1328125 1.84910836762689
-3.3671875 -2.59533607681756
0.6328125 0.0713305898491088
-1.3671875 2.73799725651577
2.6328125 -1.70644718792867
-2.3671875 0.960219478737997
1.6328125 3.62688614540466
-0.3671875 -3.18792866941015
3.6328125 -0.521262002743484
-3.6171875 2.14540466392318
0.3828125 -2.29903978052126
-1.6171875 0.367626886145405
2.3828125 3.03429355281207
-2.6171875 -1.41015089163237
1.3828125 1.25651577503429
-0.6171875 3.92318244170096
3.3828125 -3.94513031550069
-3.1171875 -1.27846364883402
0.8828125 1.38820301783265
-1.1171875 -3.0562414266118
2.8828125 -0.38957475994513
-2.1171875 2.27709190672154
1.8828125 -2.16735253772291
-0.1171875 0.499314128943759
3.8828125 3.16598079561042
-3.9296875 -3.64883401920439
0.0703125 -0.982167352537723
-1.9296875 1.68449931412894
2.0703125 -2.7599451303155
-2.9296875 -0.0932784636488342
1.0703125 2.57338820301783
-0.9296875 -1.87105624142661
3.0703125 0.795610425240055
-3.4296875 3.46227709190672
0.5703125 -3.35253772290809
-1.4296875 -0.685871056241427
2.5703125 1.98079561042524
-2.4296875 -2.4636488340192
1.5703125 0.203017832647462
-0.4296875 2.86968449931413
3.5703125 -1.57475994513032
-3.6796875 1.09190672153635
0.3203125 3.75857338820302
-1.6796875 -3.84636488340192
2.3203125 -1.17969821673525
-2.6796875 1.48696844993141
1.3203125 -2.95747599451303
-0.6796875 -0.290809327846365
3.3203125 2.3758573388203
-3.1796875 -2.06858710562414
0.8203125 0.598079561042525
-1.1796875 3.26474622770919
2.8203125 -3.55006858710562
-2.1796875 -0.883401920438958
1.8203125 1.78326474622771
-0.1796875 -2.66117969821674
3.8203125 0.00548696844993124
-3.8046875 2.6721536351166
0.1953125 -1.77229080932785
-1.8046875 0.894375857338821
2.1953125 3.56104252400549
-2.8046875 -3.25377229080933
1.1953125 -0.587105624142661
-0.8046875 2.07956104252401
3.1953125 -2.36488340192044
-3.3046875 0.301783264746227
0.6953125 2.96844993141289
-1.3046875 -1.47599451303155
2.6953125 1.19067215363512
-2.3046875 3.85733882030178
1.6953125 -3.74759945130315
-0.3046875 -1.08093278463649
3.6953125 1.58573388203018
-3.5546875 -2.85871056241427
0.4453125 -0.1920438957476
-1.5546875 2.47462277091907
2.4453125 -1.96982167352538
-2.5546875 0.69684499314129
1.4453125 3.36351165980796
-0.5546875 -3.45130315500686
3.4453125 -0.784636488340192
-3.0546875 1.88203017832647
0.9453125 -2.56241426611797
-1.0546875 0.104252400548697
2.9453125 2.77091906721536
-2.0546875 -1.67352537722908
1.9453125 0.993141289437586
-0.0546875 3.65980795610425
3.9453125 -3.15500685871056
-3.9609375 -0.488340192043896
0.0390625 2.17832647462277
-1.9609375 -2.26611796982167
2.0390625 0.400548696844993
-2.9609375 3.06721536351166
1.0390625 -1.37722908093278
-0.9609375 1.28943758573388
3.0390625 3.95610425240055
-3.4609375 -3.9122085048011
0.5390625 -1.24554183813443
-1.4609375 1.42112482853224
2.5390625 -3.02331961591221
-2.4609375 -0.356652949245542
1.5390625 2.31001371742112
-0.4609375 -2.13443072702332
3.5390625 0.532235939643347
-3.7109375 3.19890260631001
0.2890625 -3.6159122085048
-1.7109375 -0.949245541838134
2.2890625 1.71742112482853
-2.7109375 -2.72702331961591
1.2890625 -0.0603566529492454
-0.7109375 2.60631001371742
3.2890625 -1.83813443072702
-3.2109375 0.828532235939643
0.7890625 3.49519890260631
-1.2109375 -3.3196159122085
2.7890625 -0.652949245541838
-2.2109375 2.01371742112483
1.7890625 -2.43072702331962
-0.2109375 0.23593964334705
3.7890625 2.90260631001372
-3.8359375 -1.54183813443073
0.1640625 1.12482853223594
-1.8359375 3.79149519890261
2.1640625 -3.81344307270233
-2.8359375 -1.14677640603567
1.1640625 1.519890260631
-0.8359375 -2.92455418381344
3.1640625 -0.257887517146776
-3.3359375 2.40877914951989
0.6640625 -2.03566529492455
-1.3359375 0.631001371742113
2.6640625 3.29766803840878
-2.3359375 -3.51714677640604
1.6640625 -0.850480109739369
-0.3359375 1.8161865569273
3.6640625 -2.62825788751715
-3.5859375 0.0384087791495196
0.4140625 2.70507544581619
-1.5859375 -1.73936899862826
2.4140625 0.927297668038409
-2.5859375 3.59396433470507
1.4140625 -3.22085048010974
-0.5859375 -0.554183813443073
3.4140625 2.11248285322359
-3.0859375 -2.33196159122085
0.9140625 0.334705075445815
-1.0859375 3.00137174211248
2.9140625 -1.44307270233196
-2.0859375 1.2235939643347
1.9140625 3.89026063100137
-0.0859375 -3.71467764060357
3.9140625 -1.0480109739369
-3.8984375 1.61865569272977
0.1015625 -2.82578875171468
-1.8984375 -0.159122085048011
2.1015625 2.50754458161865
-2.8984375 -1.93689986282579
1.1015625 0.729766803840878
-0.8984375 3.39643347050754
3.1015625 -3.41838134430727
-3.3984375 -0.751714677640603
0.6015625 1.91495198902606
-1.3984375 -2.52949245541838
2.6015625 0.137174211248285
-2.3984375 2.80384087791495
1.6015625 -1.64060356652949
-0.3984375 1.02606310013717
3.6015625 3.69272976680384
-3.6484375 -3.12208504801097
0.3515625 -0.455418381344307
-1.6484375 2.21124828532236
2.3515625 -2.23319615912209
-2.6484375 0.433470507544581
1.3515625 3.10013717421125
-0.6484375 -1.3443072702332
3.3515625 1.32235939643347
-3.1484375 3.98902606310014
0.8515625 -3.99634202103338
-1.1484375 -1.32967535436671
2.8515625 1.33699131229995
-2.1484375 -3.10745313214449
1.8515625 -0.440786465477824
-0.1484375 2.22588020118884
3.8515625 -2.2185642432556
-3.7734375 0.448102423411066
0.2265625 3.11476909007773
-1.7734375 -3.70004572473708
2.2265625 -1.03337905807042
-2.7734375 1.63328760859625
1.2265625 -2.81115683584819
-0.7734375 -0.144490169181527
3.2265625 2.52217649748514
-3.2734375 -1.9222679469593
0.7265625 0.744398719707362
-1.2734375 3.41106538637403
2.7265625 -3.40374942844079
-2.2734375 -0.73708276177412
1.7265625 1.92958390489255
-0.2734375 -2.5148605395519
3.7265625 0.151806127114769
-3.5234375 2.81847279378144
0.4765625 -1.62597165066301
-1.5234375 1.04069501600366
2.4765625 3.70736168267032
-2.5234375 -3.89757658893461
1.4765625 -1.23090992226795
-0.5234375 1.43575674439872
3.4765625 -3.00868770004572
-3.0234375 -0.342021033379058
0.9765625 2.32464563328761
-1.0234375 -2.11979881115684
2.9765625 0.546867855509832
-2.0234375 3.2135345221765
1.9765625 -3.60128029263832
-0.0234375 -0.934613625971651
3.9765625 1.73205304069502
-3.9765625 -2.71239140374943
0.0234375 -0.0457247370827618
-1.9765625 2.6209419295839
2.0234375 -1.82350251486054
-2.9765625 0.843164151806127
1.0234375 3.50983081847279
-0.9765625 -3.30498399634202
3.0234375 -0.638317329675354
-3.4765625 2.02834933699131
0.5234375 -2.41609510745313
-1.4765625 0.250571559213534
2.5234375 2.9172382258802
-2.4765625 -1.52720621856424
1.5234375 1.13946044810242
-0.4765625 3.80612711476909
3.5234375 -3.79881115683585
-3.7265625 -1.13214449016918
0.2734375 1.53452217649749
-1.7265625 -2.90992226794696
2.2734375 -0.243255601280293
-2.7265625 2.42341106538637
1.2734375 -2.02103337905807
-0.7265625 0.645633287608597
3.2734375 3.31229995427526
-3.2265625 -3.50251486053955
0.7734375 -0.835848193872885
-1.2265625 1.83081847279378
2.7734375 -2.61362597165066
-2.2265625 0.0530406950160041
1.7734375 2.71970736168267
-0.2265625 -1.72473708276177
3.7734375 0.941929583904892
-3.8515625 3.60859625057156
0.1484375 -3.20621856424326
-1.8515625 -0.539551897576589
2.1484375 2.12711476909008
-2.8515625 -2.31732967535437
1.1484375 0.3493369913123
-0.8515625 3.01600365797897
3.1484375 -1.42844078646548
-3.3515625 1.23822588020119
0.6484375 3.90489254686786
-1.3515625 -3.96342021033379
2.6484375 -1.29675354366712
-2.3515625 1.36991312299954
1.6484375 -3.0745313214449
-0.3515625 -0.407864654778235
3.6484375 2.25880201188843
-3.6015625 -2.18564243255601
0.3984375 0.481024234110654
-1.6015625 3.14769090077732
2.3984375 -3.66712391403749
-2.6015625 -1.00045724737083
1.3984375 1.66620941929584
-0.6015625 -2.77823502514861
3.3984375 -0.111568358481939
-3.1015625 2.55509830818473
0.8984375 -1.88934613625972
-1.1015625 0.77732053040695
2.8984375 3.44398719707362
-2.1015625 -3.3708276177412
1.8984375 -0.704160951074531
-0.1015625 1.96250571559214
3.8984375 -2.48193872885231
-3.9140625 0.184727937814357
0.0859375 2.85139460448102
-1.9140625 -1.59304983996342
2.0859375 1.07361682670325
-2.9140625 3.74028349336991
1.0859375 -3.86465477823503
-0.9140625 -1.19798811156836
3.0859375 1.46867855509831
-3.4140625 -2.97576588934614
0.5859375 -0.30909922267947
-1.4140625 2.3575674439872
2.5859375 -2.08687700045725
-2.4140625 0.57978966620942
1.5859375 3.24645633287609
-0.4140625 -3.56835848193873
3.5859375 -0.901691815272062
-3.6640625 1.76497485139461
0.3359375 -2.67946959304984
-1.6640625 -0.0128029263831735
2.3359375 2.65386374028349
-2.6640625 -1.79058070416095
1.3359375 0.876085962505716
-0.6640625 3.54275262917238
3.3359375 -3.27206218564243
-3.1640625 -0.605395518975766
0.8359375 2.0612711476909
-1.1640625 -2.38317329675354
2.8359375 0.283493369913122
-2.1640625 2.95016003657979
1.8359375 -1.49428440786465
-0.1640625 1.17238225880201
3.8359375 3.83904892546868
-3.7890625 -3.76588934613626
0.2109375 -1.09922267946959
-1.7890625 1.56744398719707
2.2109375 -2.87700045724737
-2.7890625 -0.210333790580704
1.2109375 2.45633287608596
-0.7890625 -1.98811156835848
3.2109375 0.678555098308185
-3.2890625 3.34522176497485
0.7109375 -3.46959304983996
-1.2890625 -0.802926383173297
2.7109375 1.86374028349337
-2.2890625 -2.58070416095107
1.7109375 0.0859625057155924
-0.2890625 2.75262917238226
3.7109375 -1.69181527206219
-3.5390625 0.974851394604481
0.4609375 3.64151806127115
-1.5390625 -3.17329675354367
2.4609375 -0.506630086877001
-2.5390625 2.16003657978967
1.4609375 -2.28440786465478
-0.5390625 0.382258802011888
3.4609375 3.04892546867855
-3.0390625 -1.39551897576589
0.9609375 1.27114769090078
-1.0390625 3.93781435756744
2.9609375 -3.9304983996342
-2.0390625 -1.26383173296754
1.9609375 1.40283493369913
-0.0390625 -3.04160951074531
3.9609375 -0.374942844078646
-3.9453125 2.29172382258802
0.0546875 -2.15272062185642
-1.9453125 0.513946044810242
2.0546875 3.18061271147691
-2.9453125 -3.63420210333791
1.0546875 -0.967535436671239
-0.9453125 1.69913122999543
3.0546875 -2.74531321444902
-3.4453125 -0.0786465477823501
0.5546875 2.58802011888432
-1.4453125 -1.85642432556013
2.5546875 0.810242341106538
-2.4453125 3.4769090077732
1.5546875 -3.33790580704161
-0.4453125 -0.671239140374943
3.5546875 1.99542752629172
-3.6953125 -2.44901691815272
0.3046875 0.217649748513946
-1.6953125 2.88431641518061
2.3046875 -1.56012802926383
-2.6953125 1.10653863740283
1.3046875 3.7732053040695
-0.6953125 -3.83173296753544
3.3046875 -1.16506630086877
-3.1953125 1.5016003657979
0.8046875 -2.94284407864655
-1.1953125 -0.276177411979881
2.8046875 2.39048925468679
-2.1953125 -2.05395518975766
1.8046875 0.612711476909008
-0.1953125 3.27937814357567
3.8046875 -3.53543667123914
-3.8203125 -0.868770004572474
0.1796875 1.79789666209419
-1.8203125 -2.64654778235025
2.1796875 0.0201188843164148
-2.8203125 2.68678555098308
1.1796875 -1.75765889346136
-0.8203125 0.909007773205304
3.1796875 3.57567443987197
-3.3203125 -3.23914037494284
0.6796875 -0.572473708276177
-1.3203125 2.09419295839049
2.6796875 -2.35025148605396
-2.3203125 0.316415180612711
1.6796875 2.98308184727938
-0.3203125 -1.46136259716507
3.6796875 1.2053040695016
-3.5703125 3.87197073616827
0.4296875 -3.73296753543667
-1.5703125 -1.06630086877
2.4296875 1.60036579789666
-2.5703125 -2.84407864654778
1.4296875 -0.177411979881116
-0.5703125 2.48925468678555
3.4296875 -1.95518975765889
-3.0703125 0.711476909007773
0.9296875 3.37814357567444
-1.0703125 -3.43667123914038
2.9296875 -0.770004572473708
-2.0703125 1.89666209419296
1.9296875 -2.54778235025149
-0.0703125 0.118884316415181
3.9296875 2.78555098308185
-3.8828125 -1.6588934613626
0.1171875 1.00777320530407
-1.8828125 3.67443987197074
2.1171875 -3.14037494284408
-2.8828125 -0.473708276177412
1.1171875 2.19295839048925
-0.8828125 -2.25148605395519
3.1171875 0.415180612711477
-3.3828125 3.08184727937814
0.6171875 -1.3625971650663
-1.3828125 1.30406950160037
2.6171875 3.97073616826703
-2.3828125 -3.98536808413352
1.6171875 -1.31870141746685
-0.3828125 1.34796524919982
3.6171875 -3.09647919524463
-3.6328125 -0.429812528577961
0.3671875 2.23685413808871
-1.6328125 -2.20759030635574
2.3671875 0.459076360310928
-2.6328125 3.12574302697759
1.3671875 -3.68907178783722
-0.6328125 -1.02240512117055
3.3671875 1.64426154549611
-3.1328125 -2.80018289894833
0.8671875 -0.133516232281664
-1.1328125 2.533150434385
2.8671875 -1.91129401005944
-2.1328125 0.755372656607224
1.8671875 3.42203932327389
-0.1328125 -3.39277549154092
3.8671875 -0.726108824874257
-3.7578125 1.94055784179241
0.2421875 -2.50388660265203
-1.7578125 0.162780064014632
2.2421875 2.8294467306813
-2.7578125 -1.61499771376315
1.2421875 1.05166895290352
-0.7578125 3.71833561957019
3.2421875 -3.88660265203475
-3.2578125 -1.21993598536808
0.7421875 1.44673068129858
-1.2578125 -2.99771376314586
2.7421875 -0.331047096479195
-2.2578125 2.33561957018747
1.7421875 -2.10882487425697
-0.2578125 0.557841792409694
3.7421875 3.22450845907636
-3.5078125 -3.59030635573845
0.4921875 -0.923639689071788
-1.5078125 1.74302697759488
2.4921875 -2.70141746684957
-2.5078125 -0.0347508001828989
1.4921875 2.63191586648377
-0.5078125 -1.81252857796068
3.4921875 0.85413808870599
-3.0078125 3.52080475537266
0.9921875 -3.29401005944216
-1.0078125 -0.627343392775491
2.9921875 2.03932327389118
-2.0078125 -2.40512117055327
1.9921875 0.261545496113397
-0.0078125 2.92821216278006
3.9921875 -1.51623228166438
-3.99609375 1.15043438500229
0.00390625 3.81710105166895
-1.99609375 -3.78783721993599
2.00390625 -1.12117055326932
-2.99609375 1.54549611339735
1.00390625 -2.8989483310471
-0.99609375 -0.23228166438043
3.00390625 2.43438500228624
-3.49609375 -2.01005944215821
0.50390625 0.656607224508459
-1.49609375 3.32327389117513
2.50390625 -3.49154092363969
-2.49609375 -0.824874256973022
1.50390625 1.84179240969364
-0.49609375 -2.6026520347508
3.50390625 0.0640146319158665
-3.74609375 2.73068129858253
0.25390625 -1.71376314586191
-1.74609375 0.952903520804755
2.25390625 3.61957018747142
-2.74609375 -3.19524462734339
1.25390625 -0.528577960676726
-0.74609375 2.13808870598994
3.25390625 -2.3063557384545
-3.24609375 0.360310928212162
0.75390625 3.02697759487883
-1.24609375 -1.41746684956561
2.75390625 1.24919981710105
-2.24609375 3.91586648376772
1.75390625 -3.95244627343393
-0.24609375 -1.28577960676726
3.75390625 1.3808870598994
-3.87109375 -3.06355738454504
0.12890625 -0.396890717878372
-1.87109375 2.26977594878829
2.12890625 -2.17466849565615
-2.87109375 0.491998171010517
1.12890625 3.15866483767718
-0.87109375 -3.65614997713763
3.12890625 -0.989483310470965
-3.37109375 1.6771833561957
0.62890625 -2.76726108824874
-1.37109375 -0.100594421582076
2.62890625 2.56607224508459
-2.37109375 -1.87837219935985
1.62890625 0.788294467306812
-0.37109375 3.45496113397348
3.62890625 -3.35985368084134
-3.62109375 -0.693187014174669
0.37890625 1.973479652492
-1.62109375 -2.47096479195245
2.37890625 0.19570187471422
-2.62109375 2.86236854138089
1.37890625 -1.58207590306356
-0.62109375 1.08459076360311
3.37890625 3.75125743026978
-3.12109375 -3.85368084133516
0.87890625 -1.1870141746685
-1.12109375 1.47965249199817
2.87890625 -2.96479195244627
-2.12109375 -0.298125285779607
1.87890625 2.36854138088706
-0.12109375 -2.07590306355738
3.87890625 0.590763603109282
-3.93359375 3.25743026977595
0.06640625 -3.55738454503887
-1.93359375 -0.890717878372199
2.06640625 1.77594878829447
-2.93359375 -2.66849565614998
1.06640625 -0.00182898948331056
-0.93359375 2.66483767718336
3.06640625 -1.77960676726109
-3.43359375 0.887059899405578
0.56640625 3.55372656607224
-1.43359375 -3.26108824874257
2.56640625 -0.594421582075903
-2.43359375 2.07224508459076
1.56640625 -2.37219935985368
-0.43359375 0.294467306812985
3.56640625 2.96113397347965
-3.68359375 -1.48331047096479
0.31640625 1.18335619570187
-1.68359375 3.85002286236854
2.31640625 -3.7549154092364
-2.68359375 -1.08824874256973
1.31640625 1.57841792409694
-0.68359375 -2.86602652034751
3.31640625 -0.199359853680841
-3.18359375 2.46730681298582
0.81640625 -1.97713763145862
-1.18359375 0.689529035208047
2.81640625 3.35619570187471
-2.18359375 -3.4586191129401
1.81640625 -0.791952446273434
-0.18359375 1.87471422039323
3.81640625 -2.56973022405121
-3.80859375 0.0969364426154549
0.19140625 2.76360310928212
-1.80859375 -1.68084133516232
2.19140625 0.985825331504343
-2.80859375 3.65249199817101
1.19140625 -3.1623228166438
-0.80859375 -0.495656149977138
3.19140625 2.17101051668953
-3.30859375 -2.27343392775492
0.69140625 0.393232738911751
-1.30859375 3.05989940557842
2.69140625 -1.38454503886603
-2.30859375 1.28212162780064
1.69140625 3.94878829446731
-0.30859375 -3.91952446273434
3.69140625 -1.25285779606767
-3.55859375 1.41380887059899
0.44140625 -3.03063557384545
-1.55859375 -0.363968907178783
2.44140625 2.30269775948788
-2.55859375 -2.14174668495656
1.44140625 0.524919981710105
-0.55859375 3.19158664837677
3.44140625 -3.62322816643804
-3.05859375 -0.956561499771376
0.94140625 1.71010516689529
-1.05859375 -2.73433927754915
2.94140625 -0.0676726108824872
-2.05859375 2.59899405578418
1.94140625 -1.84545038866026
-0.05859375 0.821216278006401
3.94140625 3.48788294467307
-3.96484375 -3.32693187014175
0.03515625 -0.66026520347508
-1.96484375 2.00640146319159
2.03515625 -2.43804298125286
-2.96484375 0.228623685413808
1.03515625 2.89529035208047
-0.96484375 -1.54915409236397
3.03515625 1.1175125743027
-3.46484375 3.78417924096936
0.53515625 -3.82075903063557
-1.46484375 -1.15409236396891
2.53515625 1.51257430269776
-2.46484375 -2.93187014174669
1.53515625 -0.265203475080018
-0.46484375 2.40146319158665
3.53515625 -2.0429812528578
-3.71484375 0.623685413808871
0.28515625 3.29035208047554
-1.71484375 -3.52446273433928
2.28515625 -0.857796067672611
-2.71484375 1.80887059899406
1.28515625 -2.63557384545039
-0.71484375 0.0310928212162773
3.28515625 2.69775948788294
-3.21484375 -1.7466849565615
0.78515625 0.919981710105167
-1.21484375 3.58664837677183
2.78515625 -3.22816643804298
-2.21484375 -0.561499771376314
1.78515625 2.10516689529035
-0.21484375 -2.33927754915409
3.78515625 0.327389117512573
-3.83984375 2.99405578417924
0.16015625 -1.4503886602652
-1.83984375 1.21627800640146
2.16015625 3.88294467306813
-2.83984375 -3.72199359853681
1.16015625 -1.05532693187014
-0.83984375 1.61133973479652
3.16015625 -2.83310470964792
-3.33984375 -0.166438042981253
0.66015625 2.50022862368541
-1.33984375 -1.94421582075903
2.66015625 0.722450845907636
-2.33984375 3.3891175125743
1.66015625 -3.42569730224051
-0.33984375 -0.759030635573845
3.66015625 1.90763603109282
-3.58984375 -2.53680841335162
0.41015625 0.129858253315043
-1.58984375 2.79652491998171
2.41015625 -1.64791952446273
-2.58984375 1.01874714220393
1.41015625 3.6854138088706
-0.58984375 -3.12940100594422
3.41015625 -0.462734339277549
-3.08984375 2.20393232738912
0.91015625 -2.24051211705533
-1.08984375 0.426154549611339
2.91015625 3.09282121627801
-2.08984375 -1.35162322816644
1.91015625 1.31504343850023
-0.08984375 3.98171010516689
3.91015625 -3.97439414723365
-3.90234375 -1.30772748056699
0.09765625 1.35893918609968
-1.90234375 -3.08550525834476
2.09765625 -0.418838591678098
-2.90234375 2.24782807498857
1.09765625 -2.19661636945588
-0.90234375 0.470050297210792
3.09765625 3.13671696387746
-3.40234375 -3.67809785093736
0.59765625 -1.01143118427069
-1.40234375 1.65523548239598
2.59765625 -2.78920896204847
-2.40234375 -0.122542295381801
1.59765625 2.54412437128486
-0.40234375 -1.90032007315958
3.59765625 0.766346593507087
-3.65234375 3.43301326017375
0.34765625 -3.38180155464106
-1.65234375 -0.715134887974394
2.34765625 1.95153177869227
-2.65234375 -2.49291266575217
1.34765625 0.173754000914495
-0.65234375 2.84042066758116
3.34765625 -1.60402377686328
-3.15234375 1.06264288980338
0.84765625 3.72930955647005
-1.15234375 -3.87562871513489
2.84765625 -1.20896204846822
-2.15234375 1.45770461819844
1.84765625 -2.986739826246
-0.15234375 -0.320073159579332
3.84765625 2.34659350708733
-3.77734375 -2.09785093735711
0.22265625 0.568815729309557
-1.77734375 3.23548239597622
2.22265625 -3.57933241883859
-2.77734375 -0.912665752171925
1.22265625 1.75400091449474
-0.77734375 -2.6904435299497
3.22265625 -0.023776863283036
-3.27734375 2.64288980338363
0.72265625 -1.80155464106081
-1.27734375 0.865112025605853
2.72265625 3.53177869227252
-2.27734375 -3.2830361225423
1.72265625 -0.616369455875629
-0.27734375 2.05029721079104
3.72265625 -2.39414723365341
-3.52734375 0.27251943301326
0.47265625 2.93918609967993
-1.52734375 -1.50525834476452
2.47265625 1.16140832190215
-2.52734375 3.82807498856882
1.47265625 -3.77686328303612
-0.52734375 -1.11019661636946
3.47265625 1.55647005029721
-3.02734375 -2.88797439414723
0.97265625 -0.221307727480567
-1.02734375 2.4453589391861
2.97265625 -1.99908550525834
-2.02734375 0.667581161408322
1.97265625 3.33424782807499
-0.02734375 -3.48056698673983
3.97265625 -0.813900320073159
-3.98046875 1.85276634659351
0.01953125 -2.59167809785094
-1.98046875 0.0749885688157299
2.01953125 2.7416552354824
-2.98046875 -1.70278920896205
1.01953125 0.963877457704618
-0.98046875 3.63054412437128
3.01953125 -3.18427069044353
-3.48046875 -0.517604023776863
0.51953125 2.1490626428898
-1.48046875 -2.29538180155464
2.51953125 0.371284865112026
-2.48046875 3.03795153177869
1.51953125 -1.40649291266575
-0.48046875 1.26017375400092
3.51953125 3.92684042066758
-3.73046875 -3.94147233653407
0.26953125 -1.2748056698674
-1.73046875 1.39186099679927
2.26953125 -3.05258344764518
-2.73046875 -0.385916780978509
1.26953125 2.28074988568816
-0.73046875 -2.16369455875629
3.26953125 0.50297210791038
-3.23046875 3.16963877457705
0.76953125 -3.64517604023777
-1.23046875 -0.978509373571102
2.76953125 1.68815729309557
-2.23046875 -2.75628715134888
1.76953125 -0.0896204846822131
-0.23046875 2.57704618198445
3.76953125 -1.86739826245999
-3.85546875 0.799268404206676
0.14453125 3.46593507087334
-1.85546875 -3.34887974394147
2.14453125 -0.682213077274806
-2.85546875 1.98445358939186
1.14453125 -2.45999085505258
-0.85546875 0.206675811614083
3.14453125 2.87334247828075
-3.35546875 -1.57110196616369
0.64453125 1.09556470050297
-1.35546875 3.76223136716964
2.64453125 -3.8427069044353
-2.35546875 -1.17604023776863
1.64453125 1.49062642889803
-0.35546875 -2.95381801554641
3.64453125 -0.287151348879744
-3.60546875 2.37951531778692
0.39453125 -2.06492912665752
-1.60546875 0.601737540009146
2.39453125 3.26840420667581
-2.60546875 -3.546410608139
1.39453125 -0.879743941472336
-0.60546875 1.78692272519433
3.39453125 -2.65752171925011
-3.10546875 0.00914494741655236
0.89453125 2.67581161408322
-1.10546875 -1.76863283036123
2.89453125 0.898033836305442
-2.10546875 3.56470050297211
1.89453125 -3.25011431184271
-0.10546875 -0.58344764517604
3.89453125 2.08321902149063
-3.91796875 -2.36122542295382
0.08203125 0.305441243712848
-1.91796875 2.97210791037951
2.08203125 -1.47233653406493
-2.91796875 1.19433013260174
1.08203125 3.8609967992684
-0.91796875 -3.74394147233653
3.08203125 -1.07727480566987
-3.41796875 1.5893918609968
0.58203125 -2.85505258344765
-1.41796875 -0.188385916780978
2.58203125 2.47828074988569
-2.41796875 -1.96616369455876
1.58203125 0.700502972107911
-0.41796875 3.36716963877458
3.58203125 -3.44764517604024
-3.66796875 -0.780978509373571
0.33203125 1.8856881572931
-1.66796875 -2.55875628715135
2.33203125 0.107910379515318
-2.66796875 2.77457704618198
1.33203125 -1.66986739826246
-0.66796875 0.996799268404207
3.33203125 3.66346593507087
-3.16796875 -3.15134887974394
0.83203125 -0.484682213077275
-1.16796875 2.18198445358939
2.83203125 -2.26245999085505
-2.16796875 0.404206675811614
1.83203125 3.07087334247828
-0.16796875 -1.37357110196616
3.83203125 1.2930955647005
-3.79296875 3.95976223136717
0.20703125 -3.90855052583448
-1.79296875 -1.24188385916781
2.20703125 1.42478280749886
-2.79296875 -3.01966163694559
1.20703125 -0.352994970278921
-0.79296875 2.31367169638775
3.20703125 -2.1307727480567
-3.29296875 0.535893918609968
0.70703125 3.20256058527663
-1.29296875 -3.61225422953818
2.70703125 -0.945587562871513
-2.29296875 1.72107910379515
1.70703125 -2.72336534064929
-0.29296875 -0.0566986739826243
3.70703125 2.60996799268404
-3.54296875 -1.8344764517604
0.45703125 0.832190214906264
-1.54296875 3.49885688157293
2.45703125 -3.31595793324188
-2.54296875 -0.649291266575217
1.45703125 2.01737540009145
-0.54296875 -2.427069044353
3.45703125 0.239597622313672
-3.04296875 2.90626428898034
0.95703125 -1.53818015546411
-1.04296875 1.12848651120256
2.95703125 3.79515317786923
-2.04296875 -3.80978509373571
1.95703125 -1.14311842706904
-0.04296875 1.52354823959762
3.95703125 -2.92089620484682
-3.94921875 -0.254229538180155
0.05078125 2.41243712848651
-1.94921875 -2.03200731595793
2.05078125 0.634659350708734
-2.94921875 3.3013260173754
1.05078125 -3.51348879743941
-0.94921875 -0.846822130772748
3.05078125 1.81984453589392
-3.44921875 -2.62459990855053
0.55078125 0.0420667581161407
-1.44921875 2.70873342478281
2.55078125 -1.73571101966164
-2.44921875 0.93095564700503
1.55078125 3.5976223136717
-0.44921875 -3.21719250114312
3.55078125 -0.550525834476451
-3.69921875 2.11614083219022
0.30078125 -2.32830361225423
-1.69921875 0.338363054412437
2.30078125 3.0050297210791
-2.69921875 -1.43941472336534
1.30078125 1.22725194330133
-0.69921875 3.89391860996799
3.30078125 -3.71101966163695
-3.19921875 -1.04435299497028
0.80078125 1.62231367169639
-1.19921875 -2.82213077274806
2.80078125 -0.15546410608139
-2.19921875 2.51120256058528
1.80078125 -1.93324188385917
-0.19921875 0.733424782807499
3.80078125 3.40009144947417
-3.82421875 -3.41472336534065
0.17578125 -0.748056698673982
-1.82421875 1.91860996799268
2.17578125 -2.52583447645176
-2.82421875 0.140832190214907
1.17578125 2.80749885688157
-0.82421875 -1.63694558756287
3.17578125 1.02972107910379
-3.32421875 3.69638774577046
0.67578125 -3.11842706904435
-1.32421875 -0.451760402377686
2.67578125 2.21490626428898
-2.32421875 -2.22953818015546
1.67578125 0.437128486511202
-0.32421875 3.10379515317787
3.67578125 -1.34064929126657
-3.57421875 1.32601737540009
0.42578125 3.99268404206676
-1.57421875 -3.99268404206676
2.42578125 -1.32601737540009
-2.57421875 1.34064929126658
1.42578125 -3.10379515317787
-0.57421875 -0.437128486511203
3.42578125 2.22953818015546
-3.07421875 -2.21490626428898
0.92578125 0.451760402377687
-1.07421875 3.11842706904435
2.92578125 -3.69638774577046
-2.07421875 -1.0297210791038
1.92578125 1.63694558756287
-0.07421875 -2.80749885688157
3.92578125 -0.140832190214907
-3.88671875 2.52583447645176
0.11328125 -1.91860996799268
-1.88671875 0.748056698673983
2.11328125 3.41472336534065
-2.88671875 -3.40009144947417
1.11328125 -0.733424782807499
-0.88671875 1.93324188385917
3.11328125 -2.51120256058528
-3.38671875 0.15546410608139
0.61328125 2.82213077274806
-1.38671875 -1.62231367169639
2.61328125 1.04435299497028
-2.38671875 3.71101966163695
1.61328125 -3.89391860996799
-0.38671875 -1.22725194330133
3.61328125 1.43941472336534
-3.63671875 -3.0050297210791
0.36328125 -0.338363054412437
-1.63671875 2.32830361225423
2.36328125 -2.11614083219022
-2.63671875 0.550525834476453
1.36328125 3.21719250114312
-0.63671875 -3.5976223136717
3.36328125 -0.93095564700503
-3.13671875 1.73571101966164
0.86328125 -2.70873342478281
-1.13671875 -0.0420667581161411
2.86328125 2.62459990855053
-2.13671875 -1.81984453589392
1.86328125 0.846822130772749
-0.13671875 3.51348879743941
3.86328125 -3.3013260173754
