0.1 -0.498756176148251
0.3 -0.489229443943464
0.5 -0.472135947266934
0.7 -0.450317467410592
0.9 -0.426373335764923
1.1 -0.402154440809335
1.3 -0.378770380688996
1.5 -0.356789170268361
1.7 -0.336438852230488
1.9 -0.317753753830634
2.1 -0.30066681799423
2.3 -0.285063749804184
2.5 -0.270813184039781
2.7 -0.257782717030104
2.9 -0.245846887899613
3.1 -0.234890685592352
3.3 -0.224810643645787
3.5 -0.215514688412227
3.7 -0.206921358490308
3.9 -0.198958863366133
4.1 -0.191563919902982
4.3 -0.184680669009393
4.5 -0.178260268059605
4.7 -0.172259129311562
4.9 -0.166638854023198
5.1 -0.161363538023389
5.3 -0.156407045965131
5.5 -0.151740029448954
5.7 -0.147338438285413
5.9 -0.143180737345153
6.1 -0.139247598812595
6.3 -0.135486527764325
6.5 -0.131957013339454
6.7 -0.128604023404797
6.9 -0.125414881444364
7.1 -0.122378067061912
7.3 -0.11948309151842
7.5 -0.116720388213911
7.7 -0.114081216230728
7.9 -0.111557575279409
8.1 -0.109142130595361
8.3 -0.106828146521253
8.5 -0.103806228373702
8.7 -0.101730743823491
8.9 -0.0997348819593485
9.1 -0.0978142736384495
9.3 -0.0959648514279107
9.5 -0.0941828254847645
9.7 -0.092464661494314
9.9 -0.0908070605040302
10.1 -0.0892069404960298
10.3 -0.0876614195494392
10.5 -0.0861678004535148
10.7 -0.0847235566425016
10.9 -0.0833263193333895
11.1 -0.0819738657576496
11.3 -0.080664108387501
11.5 -0.0793950850661626
11.7 -0.0781649499598218
11.9 -0.076971965256691
12.1 -0.0758144935455229
12.3 -0.0746909908123472
12.5 -0.0736000000000001
