1 2.30299757174564
2 -0.118367939992661
3 -0.41773739194277
4 -0.47786909019518
5 -0.491361843376368
6 -0.494333915306556
7 -0.494950373866076
8 -0.495070531923616
9 -0.495092780119747
10 -0.495096740690401
11 -0.495097425523148
12 -0.495097542612063
13 -0.495097557512862
14 -0.495097556483083
15 -0.495097561442012
16 -0.495097558070777
17 -0.495097555659158
18 -0.495097555140145
19 -0.495097558347385
20 -0.495097556059909
21 -0.495097556457767
22 -0.495097553355459
23 -0.495097554349503
24 -0.495097552420208
