0.1 0.180967483607192 0.06389897377022 0.0347738638127427 0.180566311688552 0.0639397756156453 0.035188908922608
0.2 0.327492301231193 0.11516700134962 0.062626691961835 0.326791779313013 0.115261535864651 0.0634025239111683
0.3 0.444490932409031 0.155196173921635 0.084281844469313 0.443631172140271 0.155310941813971 0.0853232968433212
0.4 0.536256036828512 0.185257621589571 0.100407553707663 0.535282299868039 0.185448563066454 0.101665714473399
0.5 0.606530659712634 0.206510743088694 0.111620424160486 0.605537226361549 0.20672737174272 0.113022533047381
0.6 0.658573963312832 0.22001178673765 0.118488734784638 0.65761028884011 0.220277127418289 0.119992924368209
0.7 0.695219425307973 0.226721825721981 0.121535554225146 0.694301059706304 0.227047497965952 0.123093111826322
0.8 0.718926342587555 0.227514168056198 0.121241678633223 0.718114103207704 0.227871140807441 0.122804924233349
0.9 0.731825387533078 0.223181238994164 0.118048401360203 0.731114211567638 0.223582681037796 0.119592852434263
1 0.735758882342885 0.214440971240177 0.112360123344896 0.735165238258249 0.214885180562308 0.113853356102729
1.1 0.732316384135775 0.201942736045546 0.104546812577977 0.731851595059556 0.202426533178029 0.105959908177959
1.2 0.722866108589285 0.186272846148562 0.0949463206133675 0.722514929833021 0.186786790748249 0.0962692311910986
1.3 0.708582661888433 0.167959659521068 0.0838665637024366 0.708350733045045 0.168488993080884 0.085068623464944
1.4 0.690471499036498 0.147478311014365 0.0715875757512026 0.690363272045678 0.148031474698081 0.0726473288390922
1.5 0.66939048044529 0.125255097243332 0.0583634399428084 0.669389907672019 0.125836729017443 0.059278763763111
1.6 0.646068857582897 0.101671538403461 0.0444241055265423 0.646179730725236 0.102256339634125 0.0451859219134317
1.7 0.621123981779298 0.0770681391741395 0.0299770959498093 0.621331584044269 0.0776732446493616 0.0305841196902543
1.8 0.595075997597712 0.0517478694169113 0.0152091141999977 0.595371379636118 0.0523652409241616 0.0156396749108616
1.9 0.568360753046013 0.0259793840235318 0.000287550928433934 0.56874385401482 0.0266071253478208 0.000545715092637104
2 0.541341132946451 0 -0.0146380993521002 0.541786182665099 0.00063538606783905 -0.0145463977753847
2.1 0.514316998662524 -0.0259815523159138 -0.0294349089721439 0.514826375459048 -0.0253406139060036 -0.0295141799361374
2.2 0.487533896794269 -0.051782588119642 -0.0439852699430227 0.488094423347837 -0.0511390130605569 -0.0442360595406001
2.3 0.461190681124897 -0.0772441223463207 -0.0581857243997572 0.461793904350487 -0.0766012316202691 -0.0585997564635646
2.4 0.43544617578918 -0.102228705454683 -0.0719458683528759 0.436084339664987 -0.101588366062713 -0.0725211949848571
2.5 0.410424993119494 -0.126618427938947 -0.085187324672216 0.411092986468882 -0.125985082604693 -0.08591706376888
2.6 0.386222606714536 -0.150313081575758 -0.0978427814348153 0.386907989959743 -0.149676394936759 -0.0987177435794848
2.7 0.362909768794649 -0.173228466215018 -0.109855091967927 0.363614093756802 -0.172598862509298 -0.110877689497804
2.8 0.340536350701221 -0.195294831673899 -0.121176433107473 0.341256916008637 -0.194675640131341 -0.122345918529323
2.9 0.319134676327162 -0.216455444995688 -0.131767518372365 0.319847234905287 -0.215836533044218 -0.133055043848249
3 0.298722410207184 -0.236665273992293 -0.141596862926441 0.299451349361724 -0.236067853695465 -0.143008076504766
3.1 0.279305054840058 -0.255889778604121 -0.150640097362765 0.280028359830767 -0.255312734840817 -0.152169728416575
3.2 0.260878105461544 -0.274103802186188 -0.158879327500047 0.261604755689885 -0.273545973260876 -0.160513667347664
3.3 0.243428904848184 -0.291290555367223 -0.166302537528354 0.244140492943714 -0.290755723394399 -0.168032063689098
3.4 0.226938235730217 -0.307440685631612 -0.172903033981462 0.227637731413598 -0.30692403137858 -0.174708884731733
3.5 0.21138168395623 -0.322551426244261 -0.178678928146489 0.212067687363828 -0.322061914073169 -0.180560496543396
3.6 0.196730801620506 -0.336625818578153 -0.183632654648116 0.197402939864208 -0.33615632138311 -0.185583841985198
3.7 0.182954095880511 -0.349672002315233 -0.187770524065142 0.183600434780811 -0.34922590371758 -0.189781560601309
3.8 0.170017866106859 -0.361702568375216 -0.191102307551589 0.170651829611095 -0.361273312525986 -0.193161644937906
3.9 0.157886909277274 -0.372733969785652 -0.193640851543277 0.158501629241921 -0.372328348528836 -0.195743813166232
4 0.146525111109873 -0.382785986041644 -0.195401720734172 0.147123320612948 -0.382397534141324 -0.197531410421377
4.1 0.135895938294442 -0.391881236816543 -0.196402867604931 0.136473399215416 -0.391505703596777 -0.198550014512449
4.2 0.125962845292013 -0.400044741177162 -0.196664326879334 0.126517539402005 -0.399692478720527 -0.198824504133034
4.3 0.116689607504928 -0.407303518729783 -0.196207933372805 0.117226223155051 -0.406973500144332 -0.198365349059052
4.4 0.108040591147002 -0.413686229377836 -0.195057061781352 0.108550488658152 -0.413369194630579 -0.197207355938555
4.5 0.0999809688441808 -0.419222848609676 -0.19323638703903 0.100468317535 -0.418928498183846 -0.195373341878392
4.6 0.0924768888506289 -0.423944375456495 -0.190771663947844 0.0929405339500721 -0.423677498188073 -0.192890454296147
4.7 0.0854956047559407 -0.42788257046712 -0.187689524855917 0.0859438845041913 -0.427636576342817 -0.189782589346484
4.8 0.0790055716705922 -0.43106972123919 -0.18401729422799 0.0794308202520279 -0.430847916377078 -0.186070665996
4.9 0.0729765140950585 -0.433538433225884 -0.179782819017077 0.0733839671753185 -0.433334548079317 -0.181786070168492
5 0.0673794699908547 -0.435321443704855 -0.175014313807537 0.0677588767154284 -0.435142360520515 -0.176960493321496
5.1 0.0621868149682595 -0.436451456952071 -0.169740219758061 0.06255282105581 -0.436289273920826 -0.171632113014176
5.2 0.057372269975912 -0.43696099880863 -0.163989076428342 0.0577174866803938 -0.43680841261853 -0.165827020518134
5.3 0.0529108954132483 -0.436882288963976 -0.157789405625577 0.0532399671981336 -0.436744736812881 -0.15956433770164
5.4 0.0487790741802168 -0.436247129405015 -0.151169606456583 0.0490838598315796 -0.436136774888137 -0.152868680808641
5.5 0.0449544858231047 -0.435086807597898 -0.144157860818403 0.0452474189993844 -0.434992803476158 -0.145787483664035
5.6 0.0414160736246088 -0.433432013078436 -0.136782048604856 0.0416908684550778 -0.4333553287912 -0.138326138741463
5.7 0.0381440062151725 -0.431312766228621 -0.129069671948721 0.0384087268913518 -0.431254770618074 -0.130519732064322
5.8 0.0351196350463594 -0.428758358111149 -0.12104778785929 0.0353657865807683 -0.428715016877943 -0.122402976889806
5.9 0.0323254488614668 -0.425797300321641 -0.112742948652914 0.0325595534551015 -0.425770200658967 -0.1140050139676
6 0.0297450261199963 -0.422457283899778 -0.104181149610017 0.0299607526580002 -0.422448772086913 -0.105344428978769
6.1 0.0273629861777268 -0.418765146416392 -0.0953877833260738 0.0275614518864625 -0.418778283711642 -0.09645024724955
6.2 0.0251649398900671 -0.41474684642388 -0.0863876002561331 0.0253487256092052 -0.414775931687064 -0.087346311016587
6.3 0.0231374401905642 -0.410427444522648 -0.0772046749829181 0.0233169345859377 -0.41047297609495 -0.0780598116925578
6.4 0.0212679330966264 -0.405831090356905 -0.0678623777672891 0.0214382046991768 -0.405892480843149 -0.0686069806565316
6.5 0.0195447095087084 -0.400981014909352 -0.0583833509670615 0.0197009037921096 -0.401058547224552 -0.0590083456551802
6.6 0.0179568580956322 -0.395899527516421 -0.0487894899358945 0.0181049568842505 -0.395989571997229 -0.0493084535492252
6.7 0.0164942194958246 -0.390608017074066 -0.0391019280382845 0.0166396715281008 -0.390708795325163 -0.0395148449214855
6.8 0.0151473420106893 -0.385126956948835 -0.0293410254396626 0.0152852396900607 -0.38524897487612 -0.0296353651153553
6.9 0.0139074389208694 -0.37947591315042 -0.0195263613523151 0.0140356217652735 -0.379608625884747 -0.0197106754870517
7 0.0127663475177632 -0.373673555360204 -0.00967672943833422 0.0128786076575203 -0.373808213706711 -0.00975159609289703
7.1 0.0117164899103758 -0.367737670445847 0.000189863909830595 0.011828464951616 -0.367884454205332 0.000218982378234065
7.2 0.0107508356406242 -0.361685178124726 0.0100561986723792 0.0108543291515827 -0.361844042368216 0.0102017189943867
7.3 0.00986286611783012 -0.355532148469366 0.019905837932651 0.0099590216330798 -0.355695843198099 0.0201618744069069
7.4 0.00904654086471767 -0.349293820976001 0.029723122462748 0.00913492078519002 -0.349458092503033 0.0300931170116933
7.5 0.00829626555221751 -0.342984624943246 0.0394931633766151 0.00837690104836783 -0.343154179265918 0.0399602590223063
7.6 0.00760686178829728 -0.336618200931673 0.0492018330484349 0.00768604282408756 -0.336802148976478 0.0497781845132577
7.7 0.00697353861645667 -0.330207423097098 0.0588357544805757 0.00704994279856891 -0.330392026534899 0.0595113794645656
7.8 0.00639186567208467 -0.323764422210583 0.0683822892924855 0.00646378500384223 -0.323945901707372 0.0691633066129765
7.9 0.00585774793925359 -0.317300609196823 0.0778295244898486 0.00592305461878182 -0.317489320977216 0.0787135000102322
8 0.00536740204644019 -0.310826699039712 0.087166258161935 0.00542955646476881 -0.311024085821961 0.0881595438770038
8.1 0.00491733403687764 -0.304352734919632 0.0963819842443625 0.00497238329830461 -0.304555794927666 0.0974775447696965
8.2 0.00450431854754313 -0.297888112461497 0.105466876474429 0.00455404471036534 -0.298092403627832 0.106665153633299
8.3 0.004125379329992 -0.291441603985824 0.1144117716567 0.00416447047215244 -0.291649880566576 0.115706581163766
8.4 0.00377777104620465 -0.285021382667309 0.12320815234762 0.00381534890296115 -0.285237162016614 0.124601302876905
8.5 0.00345896227318095 -0.278635046516508 0.1318481290596 0.00349377710453141 -0.278851120611744 0.133337761816636
8.6 0.00316661965108236 -0.272289642110413 0.14032442207712 0.00320009135763647 -0.272504680654957 0.141898612807211
8.7 0.00289859311118482 -0.265991688007052 0.148630342970086 0.00293371852372218 -0.266208328161848 0.150292380195831
8.8 0.00265290212168039 -0.259747197787725 0.156759775882721 0.00269088621131511 -0.259957115285992 0.15850730802109
8.9 0.0024277228913798 -0.253561702678248 0.164707158669815 0.00246323060481876 -0.25377378318406 0.166547916651972
9 0.00222137647356023 -0.247440273707624 0.172467463946091 0.00225135522335896 -0.247651850828898 0.1743979083395
9.1 0.00203231771452009 -0.241387543368998 0.180036180108745 0.00205724244248195 -0.241598140182485 0.182046828371083
9.2 0.00185912499380252 -0.235407726753532 0.187409292387913 0.00188588740870232 -0.235623407342227 0.189492586220404
9.3 0.00170049070549402 -0.229504642133161 0.194583263974837 0.00172564995762328 -0.229719285237968 0.196741921718022
9.4 0.00155521243246469 -0.223681730972911 0.201555017272853 0.0015818894714671 -0.223893421240774 0.203787054869465
9.5 0.00142218476786631 -0.217942077357804 0.20832191531198 0.00144811359978644 -0.21815084110746 0.210619866558273
9.6 0.00130039174062439 -0.212288426823223 0.214881743363833 0.00133146441030274 -0.212494561620256 0.217243752917197
9.7 0.00118889980403251 -0.206723204581112 0.221232690789813 0.00121544077321781 -0.206930981678895 0.223651318667352
9.8 0.00108685134887067 -0.201248533137489 0.22737333315198 0.0011123465059174 -0.201455247489971 0.22985552874073
9.9 0.000993458704712271 -0.195866249299557 0.233302614612774 0.00101261932714424 -0.196071912369134 0.235840465710177
10 0.000907998595249697 -0.190577920573155 0.239019830646652 0.000924759714311611 -0.190782937238385 0.241603319752268
10.1 0.000829807015551073 -0.185384860953519 0.244524611083906 0.000840543562039368 -0.185583931228205 0.247158632702267
10.2 0.000758274501156184 -0.180288146114242 0.249816903504282 0.000771935426610407 -0.180493170859047 0.252503868101018
10.3 0.000692841760825811 -0.175288628001057 0.25489695699558 0.00070184431977549 -0.17550075082165 0.257639567405823
10.4 0.000632995646574795 -0.170386948838538 0.259765306290146 0.00064592176351054 -0.170602337638336 0.262543073297872
10.5 0.00057826543634469 -0.165583554559132 0.264422756290085 0.000589676692020427 -0.165800630066529 0.267232968491572
10.6 0.000528219406307867 -0.160878707665048 0.268870366990085 0.000542769874083463 -0.161094821269449 0.271710676907754
10.7 0.000482461671342741 -0.156272499534482 0.273109438804951 0.000495783855981483 -0.15648865079963 0.275985282177165
10.8 0.000440629273681314 -0.151764862184465 0.277141498307316 0.000450045419221025 -0.151981435551235 0.280046089012348
10.9 0.000402389501108016 -0.14735557950332 0.28096828437947 0.000410392770093737 -0.147564265145264 0.283902294643061
11 0.000367437417385405 -0.143044297966223 0.284591734781863 0.000373303276612788 -0.143256074326778 0.28755108845037
11.1 0.000335493588800781 -0.138830536847846 0.288013973139579 0.000342873183646265 -0.139036762056952 0.290993590845106
11.2 0.000306301991871253 -0.134713697946378 0.291237296346882 0.000314938604223152 -0.134917160182739 0.294232824408655
11.3 0.000279628088316414 -0.130693074833486 0.294264162388905 0.000293813469776655 -0.130896076717102 0.297267832965737
11.4 0.000255257054411073 -0.12676786164494 0.297097178578557 0.000270622005349906 -0.126967608648015 0.300112449762419
11.5 0.000232992152768506 -0.122937161426736 0.299739090205875 0.000252664462953056 -0.123131735317969 0.302762606114321
11.6 0.000212653235480944 -0.119199994051572 0.302192769596215 0.000233265782723656 -0.11938879532855 0.305221991717562
11.7 0.000194075368361722 -0.115555303720531 0.304461205572993 0.000209598601619226 -0.115739538335779 0.307491759671538
11.8 0.000177107566795814 -0.112001966064726 0.30654749332002 0.000192579778226707 -0.112181430762109 0.309576281885669
11.9 0.000161611634415631 -0.108538794861562 0.308454824637911 0.000169814130997249 -0.108713193442515 0.311479332825686
12 0.000147461096479877 -0.105164548380102 0.310186478588526 0.000156583884111661 -0.105335909639564 0.313201860441021
12.1 0.000134540220447933 -0.101877935369832 0.311745812520939 0.000134641398706567 -0.102046449542658 0.314750719831326
12.2 0.000122743116813519 -0.0986776207069003 0.313136253472064 0.000126076823898471 -0.0988438023250871 0.316124134778312
12.3 0.000111972913791847 -0.0955622307116475 0.314361289934666 0.000114879659703044 -0.095726793841987 0.317341172245513
12.4 0.000102140999946886 -0.0925303581509752 0.315424463985231 0.000103099960198276 -0.0926871023810739 0.318389306206405
12.5 9.31663293019668E-05 -0.0895805669388153 0.316329363763887 9.05011880815541E-05 -0.0897366113518041 0.319274849516503
12.6 8.49747839003073E-05 -0.0867113965476445 0.317079616298344 8.26759953030785E-05 -0.0868653710071394 0.31999992092354
12.7 7.7498589174125E-05 -0.0839213661436738 0.317678880663663 7.39466867518984E-05 -0.0840666723299335 0.320578663696799
12.8 7.06757778441523E-05 -0.0812089784580101 0.31813084146951 6.27685983927297E-05 -0.0813494407362156 0.321005818473922
12.9 6.44496984073592E-05 -0.0785727234057487 0.318439202666419 5.57368789857526E-05 -0.0787097849926859 0.321291524738649
13 5.87685645815074E-05 -0.0760110814646092 0.318607681662538 5.23652885273998E-05 -0.0761540906850678 0.321433365567193
13.1 5.35850423625153E-05 -0.0735225268243772 0.318640003742254 5.06243261585462E-05 -0.0736598858912496 0.321436186232687
13.2 4.88558716161623E-05 -0.071105530318066 0.318539896778067 4.82455029937927E-05 -0.0712380477475589 0.321304183228988
13.3 4.45415193709515E-05 -0.0687585621453528 0.318311086227067 4.80502147730092E-05 -0.0688894478836767 0.321039311573301
13.4 4.06058622054391E-05 -0.0664800943984987 0.317957290403405 4.72050194238234E-05 -0.0666158040076064 0.320649179002167
13.5 3.70158953323703E-05 -0.0642686034006062 0.31748221601815 4.61243867767555E-05 -0.0643964401613666 0.320133511093144
13.6 3.37414661748225E-05 -0.0621225718657197 0.316889553978 4.32742709530499E-05 -0.0622530216577918 0.319499737430648
13.7 3.0755030407421E-05 -0.0600404908899322 0.316182975434352 4.85381594309835E-05 -0.0601682081256113 0.318741730790573
13.8 2.80314285996687E-05 -0.0580208617823186 0.31536612807435 4.48369287044382E-05 -0.0581473992225936 0.317878790774912
13.9 2.55476817495632E-05 -0.0560621977441816 0.314442632645596 4.22688781016546E-05 -0.056179432719175 0.316906105621873
14 2.32828041348999E-05 -0.0541630254047666 0.313416079706312 3.94565128977422E-05 -0.0542748293202641 0.315829457112466
14.1 2.1217632037903E-05 -0.0523218862212783 0.312290026592888 3.73644823890841E-05 -0.0524275167959703 0.31465054133922
14.2 1.93346670168928E-05 -0.0505373377507162 0.311067994596822 3.53067334308732E-05 -0.0506386617129278 0.313374016774787
14.3 1.76179325073767E-05 -0.0488079548007332 0.309753466343244 2.54429503842361E-05 -0.0489008883502613 0.312002338386872
14.4 1.60528426349604E-05 -0.0471323304664258 0.308349883363318 2.14678847207542E-05 -0.0472233458952821 0.310543801265995
14.5 1.46260822144688E-05 -0.0455090770596618 0.306860643852976 1.40165346315382E-05 -0.045599525307031 0.308998260341147
14.6 1.33254969942796E-05 -0.0439368269372721 0.305289100610582 1.57025234062528E-05 -0.0440206270740957 0.307364435431927
14.7 1.21399932826674E-05 -0.0424142332341492 0.303638559146294 9.37456218095479E-06 -0.0424842454283075 0.305648537868675
14.8 1.10594461644604E-05 -0.0409399705070277 0.30191227595603 8.69261376359326E-06 -0.0410049441885918 0.303866734863175
14.9 1.00746155820361E-05 -0.0395127352944582 0.300113456953121 4.48794552973319E-06 -0.0395746376866643 0.302011489394242
15 9.17706961505478E-06 -0.0381312465982328 0.298245256050903 4.52204090468985E-06 -0.0381931053772732 0.300076395987431
15.1 8.35911434879323E-06 -0.036794246291273 0.296310773889636 7.85606590043676E-06 -0.0368513282636313 0.298076785762293
15.2 7.61372977187596E-06 -0.0355004994567553 0.294313056701365 5.26229633069051E-06 -0.0355626360304791 0.296018079816244
15.3 6.93451119096307E-06 -0.0342487946630176 0.292255095306436 3.10190647613327E-06 -0.0343165523386224 0.293899615011749
15.4 6.31561569288474E-06 -0.0330379441785706 0.290139824235611 7.0176602702673E-06 -0.0331097111318695 0.291715009220604
15.5 5.75171322410953E-06 -0.031866784131322 0.287970120971853 1.45723714640386E-05 -0.0319411458300857 0.289469007333244
15.6 5.23794189358646E-06 -0.0307341746159191 0.285748805306059 2.14286594211115E-05 -0.0308183695830309 0.287179367300556
15.7 4.76986713816654E-06 -0.0296389997529131 0.283478638801143 1.88291275980306E-05 -0.0297263400941068 0.284844088369523
15.8 4.34344442023161E-06 -0.0285801677032614 0.281162324359089 2.20038961739832E-05 -0.0286674239926088 0.282449726857479
15.9 3.95498515505713E-06 -0.027556610641501 0.278802505885715 2.75329557162946E-05 -0.0276409033372953 0.280007038734443
16 3.60112559101629E-06 -0.0265672846907469 0.276401768048091 2.40066875830724E-05 -0.0266534891788464 0.277535379396967
16.1 3.27879838918464E-06 -0.0256111698225063 0.273962636119691 1.76587390030989E-05 -0.0256923976524553 0.275017350755218
16.2 2.98520667039943E-06 -0.0246872697241328 0.271487575908532 1.63148751825536E-05 -0.0247636463583215 0.272463724603222
16.3 2.71780031752786E-06 -0.0237946116365919 0.268978993763719 2.28907471150296E-05 -0.0238759580066336 0.26987150287261
16.4 2.47425433874891E-06 -0.022932246165063 0.266439236655949 2.11488374472381E-05 -0.0230158500124604 0.267259716738745
16.5 2.25244911419051E-06 -0.0220992470647562 0.263870592327716 1.71621120327431E-05 -0.0221727347638537 0.264612559710109
16.6 2.05045236341268E-06 -0.0212947110041904 0.261275289509065 1.36421003918352E-05 -0.0213615092896527 0.261940632078188
16.7 1.8665026851011E-06 -0.0205177573080497 0.258655498194947 1.26560814237042E-05 -0.0205811091002978 0.25923855220407
16.8 1.69899453304074E-06 -0.0197675276816071 0.256013329980321 6.87354288365372E-06 -0.0198281157937966 0.25651639465961
16.9 1.54646450407268E-06 -0.0190431859185922 0.253350838449325 -2.40923450365256E-06 -0.0190955649978202 0.253771744177746
17 1.40757882438696E-06 -0.0183439175942601 0.250670019614971 -2.67516518535092E-06 -0.0183914676595188 0.251006340807266
17.1 1.28112193025297E-06 -0.0176689297453191 0.247972812405945 -7.39193660948008E-06 -0.0177147963315147 0.248225580051538
17.2 1.16598604821174E-06 -0.0170174505382638 0.245261099197245 -2.97671309678734E-06 -0.0170690851092497 0.245425500633955
17.3 1.06116168791899E-06 -0.0163887289275697 0.242536706381504 9.78347785569853E-07 -0.016442514734516 0.24261118288987
17.4 9.6572896829978E-07 -0.0157820343051094 0.239801404977989 4.02156848310275E-06 -0.0158307994294578 0.239789736926639
17.5 8.78849704510394E-07 -0.0151966561420615 0.23705691127637 4.67276764266381E-06 -0.0152453393480449 0.236963569139953
17.6 7.99760189456397E-07 -0.0146319036245022 0.234304887512497 8.97894069926614E-06 -0.0146870625172817 0.234114034988602
17.7 7.27764609335199E-07 -0.0140871052837872 0.231546942573536 9.93950831558184E-06 -0.0141430783620977 0.231262717927634
17.8 6.62229037902192E-07 -0.0135616086227581 0.228784632729906 7.68000284604699E-06 -0.0136149779011652 0.228410222087801
17.9 6.02575958943204E-07 -0.0130547797387339 0.226019462391608 3.35263131294758E-06 -0.0131030274854069 0.22555935584859
18 5.48279270809655E-07 -0.0125660029441816 0.22325288488662 5.91892037006895E-06 -0.0126100943978618 0.22269077004407
18.1 4.98859730871835E-07 -0.0120946803858947 0.220486303259141 9.02343622519158E-06 -0.0121306908827145 0.219832617157454
18.2 4.53880801401336E-07 -0.0116402316634479 0.217721071085583 6.1938119049526E-06 -0.0116694585299029 0.216973628653201
18.3 4.12944861735176E-07 -0.0112020934476381 0.214958493306282 5.75731444931108E-06 -0.0112275730569148 0.214118087523884
18.4 3.75689754628392E-07 -0.0107797190995675 0.212199827071034 5.27743232198897E-06 -0.010797796536151 0.211264758277146
18.5 3.41785637492912E-07 -0.0103725782909727 0.209446282596607 5.58598121970007E-06 -0.0103812621821302 0.20842005628174
18.6 3.10932111771135E-07 -0.00998015662635601 0.206699024034519 3.86233235682786E-06 -0.00998711524037315 0.205582726609555
18.7 2.82855606023116E-07 -0.00960195526742735 0.203959170347419 2.55774901055136E-06 -0.00960902498140553 0.202747317098276
18.8 2.57306990435396E-07 -0.0092374905603238 0.201227796192518 -7.22961180414386E-07 -0.00923922201125062 0.199923390461831
18.9 2.340594024047E-07 -0.00888629366603155 0.198505932810583 -2.46737203324579E-06 -0.0088869941624986 0.197101251592516
19 2.12906264626416E-07 -0.00854791019439712 0.195794568919099 -1.20697656944667E-06 -0.00855509661594979 0.194292867913573
19.1 1.93659478740711E-07 -0.00822189984207845 0.193094651608257 7.42653393356281E-08 -0.00823138531345192 0.191495882084264
19.2 1.76147779071264E-07 -0.00790783603475258 0.190407087238541 -1.61861425046716E-06 -0.00791085565461275 0.188712783045363
19.3 1.60215232345151E-07 -0.00760530557386421 0.187732742338697 -4.45099183380313E-06 -0.00760774423056489 0.185942258726276
19.4 1.45719870518406E-07 -0.00731390828816987 0.185072444502994 -4.96483972308135E-06 -0.00732052413698884 0.183176308040939
19.5 1.32532444960308E-07 -0.00703325669030419 0.182426983286721 1.89743679943654E-06 -0.00704970948792564 0.180424876814766
19.6 1.20535291279795E-07 -0.00676297563856812 0.17979711109892 3.99778349447755E-06 -0.00677963834964925 0.177694653691736
19.7 1.09621295018025E-07 -0.00650270200411472 0.177183544091446 5.03611469400542E-06 -0.00652097903744031 0.174983577712441
19.8 9.96929492897558E-08 -0.00625208434368457 0.174586963043474 3.61969938423668E-06 -0.00627325698113214 0.172285254510118
19.9 9.06614962399735E-08 -0.00601078257802163 0.172008014240639 3.86843571699675E-06 -0.0060328053391801 0.169609244182581
20 8.24461448975423E-08 -0.00577846767608028 0.169447310348063 5.35030011426126E-06 -0.00580079300677229 0.166945535678595
20.1 7.49733586604912E-08 -0.00555482134511513 0.166905431276535 9.25231792370289E-06 -0.00558322921369546 0.164303353318289
20.2 6.81762062433445E-08 -0.00533953572672825 0.164382925041216 8.95628245834965E-06 -0.00537146403910283 0.161676714150087
20.3 6.19937704605403E-08 -0.00513231309893177 0.161880308612238 9.20560424451936E-06 -0.00516617571441424 0.159071915456981
20.4 5.63706097160451E-08 -0.00493286558426914 0.159398068756624 9.57978710800274E-06 -0.0049648854109691 0.156481775858081
20.5 5.12562675218565E-08 -0.00474091486402404 0.156936662871039 1.43531440379257E-05 -0.00476619642713079 0.153908629916832
20.6 4.66048257809913E-08 -0.00455619189853318 0.154496519804846 1.77783550800267E-05 -0.00458418077094178 0.151356978421886
20.7 4.23744979472397E-08 -0.00437843665360726 0.152078040673061 1.79041286922348E-05 -0.00440597611404992 0.148828095779109
20.8 3.85272585175619E-08 -0.00420739783305325 0.149681599658786 1.80943882416825E-05 -0.00423813632285256 0.146318076756899
20.9 3.50285056264242E-08 -0.00404283261728111 0.147307544804756 2.03199503452743E-05 -0.00406993681978375 0.143830262783786
21 3.184675379723E-08 -0.00388450640796872 0.144956198793662 2.10267489862166E-05 -0.00390836851240823 0.141373093518868
21.1 2.89533541667063E-08 -0.00373219257875008 0.14262785971696 2.27266783531307E-05 -0.00375739657310352 0.138929759473667
21.2 2.63222397358713E-08 -0.0035856722318844 0.140322801831885 2.67086166969837E-05 -0.0036085929036411 0.136505911025012
21.3 2.39296934180177E-08 -0.00344473396085613 0.138041276306437 2.39103459632981E-05 -0.00346282293334151 0.134100378567264
21.4 2.17541368518533E-08 -0.00330917361884976 0.135783511952127 2.5336819829046E-05 -0.00332576283977946 0.1317253749319
21.5 1.9775938128205E-08 -0.00317879409303742 0.133549715944298 2.19840942214843E-05 -0.00319666039497089 0.129373516974641
21.6 1.79772367430483E-08 -0.00305340508461173 0.131340074529864 2.09437585193167E-05 -0.00307040338602556 0.127043093235473
21.7 1.63417842394732E-08 -0.00293282289449185 0.12915475372233 1.76699155652507E-05 -0.00294530366479732 0.124740250661988
21.8 1.48547991377943E-08 -0.00281687021462633 0.126993899983983 1.2572237670754E-05 -0.00282150816071062 0.122458289848489
21.9 1.35028348775474E-08 -0.00270537592481248 0.124857640895169 1.51660873043658E-05 -0.00271136013816164 0.120196286623107
22 1.22736596086233E-08 -0.00259817489494891 0.122746085810579 1.10381674704344E-05 -0.00260091384158511 0.117961448003244
22.1 1.11561467722558E-08 -0.00249510779263449 0.120659326502502 1.47670748378642E-05 -0.00249484484548416 0.115753156660912
22.2 1.01401755068854E-08 -0.002396020896025 0.118597437791012 1.77265893830691E-05 -0.00239442283628882 0.113567460490689
22.3 9.21653999986581E-09 -0.00230076591185613 0.116560478161073 2.23233344727486E-05 -0.00230056091009327 0.111401900923994
22.4 8.37686698431225E-09 -0.00220919979853972 0.114548490366567 1.85275089441164E-05 -0.00221172605736298 0.109263423129096
22.5 7.61354065176809E-09 -0.00212118459423877 0.112561502021273 1.62108260345031E-05 -0.00212716651740662 0.107149954349193
22.6 6.91963431641523E-09 -0.0020365872498253 0.110599526176805 1.94650469655056E-05 -0.00204221470749106 0.105053386694245
22.7 6.28884822582445E-09 -0.00195527946662421 0.108662561887588 1.89218427991749E-05 -0.00195640840781753 0.102983162251846
22.8 5.71545296724717E-09 -0.00187713753884564 0.106750594762904 2.13492341505266E-05 -0.00187802885721441 0.100932054030212
22.9 5.19423796765738E-09 -0.00180204220060777 0.104863597506095 2.03499293959162E-05 -0.00180412512081938 0.0989027306314001
23 4.72046463058287E-09 -0.00172987847745156 0.103001530441002 2.46210035199261E-05 -0.00172778074219887 0.096896763307648
23.1 4.28982369360696E-09 -0.00166053554224929 0.101164342025727 2.78696329604999E-05 -0.00165513109246531 0.0949144366004173
23.2 3.89839642763052E-09 -0.00159390657540826 0.099351969353831 2.74838219689606E-05 -0.00158956019431038 0.0929624822125923
23.3 3.54261933287703E-09 -0.00152988862927172 0.0975643386430705 2.79138434795784E-05 -0.00152722585348411 0.0910341585781597
23.4 3.21925201749899E-09 -0.0014683824966194 0.0958013657117963 2.49356378659625E-05 -0.00146621447262388 0.0891247495115343
23.5 2.92534797276666E-09 -0.00140929258317045 0.0940629564431427 2.1560680919388E-05 -0.00140826273477227 0.0872398114789366
23.6 2.65822798443506E-09 -0.00135252678399231 0.092349007237139 2.09134676555643E-05 -0.00135310218953123 0.0853791107235881
23.7 2.41545594321591E-09 -0.00129799636372016 0.0906594054508879 1.64953122047104E-05 -0.00129606827892635 0.0835384691332307
23.8 2.19481683852871E-09 -0.00124561584049188 0.0889940298269543 1.27656914892153E-05 -0.00123844047953013 0.0817170279785691
23.9 1.99429673905649E-09 -0.00119530287350506 0.0873527509101198 7.25817297507077E-06 -0.00118615116023196 0.0799201860673089
24 1.81206458125397E-09 -0.00114697815410337 0.0857354314526596 4.91494569770617E-06 -0.00113801245075702 0.0781457339708759
24.1 1.64645560300382E-09 -0.00110056530030084 0.0841419268083026 2.73716181728272E-06 -0.00108683179208062 0.0763907513304955
24.2 1.49595627422963E-09 -0.00105599075465384 0.0825720853150415 -2.77176450863546E-06 -0.00104356385222078 0.0746582396873285
24.3 1.35919058958049E-09 -0.00101318368539185 0.081025748666964 -2.86277026242507E-06 -0.000995691432191809 0.0729467409443664
24.4 1.2349076004178E-09 -0.000972075890719493 0.0795027522752727 -1.3780132743675E-06 -0.000950554340976818 0.0712506753508554
24.5 1.12197007436632E-09 -0.000932601706203698 0.0780029256186765 6.03797028901909E-07 -0.000910016120049621 0.0695784743140465
24.6 1.01934418073468E-09 -0.000894697915161182 0.0765260925833234 -6.76044908566081E-06 -0.000876297699901542 0.0679249172842854
24.7 9.26090109254992E-10 -0.000858303661963189 0.0750720717924616 -9.77261395405199E-06 -0.000844785670094051 0.0662935300635707
24.8 8.41353537915297E-10 -0.00082336036817564 0.0736406769260048 -8.77714183126245E-06 -0.000812342888104618 0.0646791944985984
24.9 7.64357873236981E-10 -0.000789811651454585 0.0722317170301882 -6.88054525699367E-06 -0.000777825233956986 0.0630899721886052
25 6.94397193248201E-10 -0.000757603247118316 0.0708449968174979 -3.90217129039625E-06 -0.000746819852415568 0.0615152758200388
25.1 6.30829829683839E-10 -0.000726682932319075 0.0694803169570586 -6.84149683521031E-06 -0.000713603066572933 0.0599644402673755
25.2 5.73072531659042E-10 -0.000697000452738918 0.0681374743556651 -3.92879986821481E-06 -0.000684462782534445 0.0584291305267152
25.3 5.20595158266293E-10 -0.000668507451735817 0.0668162624296431 -5.49688286108498E-06 -0.000664708848029963 0.0569124451763301
25.4 4.72915852281874E-10 -0.000641157401867746 0.0655164713677261 -6.62963170232231E-06 -0.000644508038218769 0.0554112585591316
25.5 4.29596651477901E-10 -0.000614905538724044 0.064237888385132 -7.12466839334645E-06 -0.000617601570379204 0.0539257685653888
25.6 3.9023949795906E-10 -0.000589708796994962 0.0629802979690268 -1.09257388543217E-05 -0.000591709357811726 0.052460897449595
25.7 3.54482609513569E-10 -0.000565525748711889 0.0617434821155581 -1.30569743377538E-05 -0.000563444590452982 0.05101966315382
25.8 3.2199718021702E-10 -0.000542316543592331 0.0605272205586447 -1.56134443147639E-05 -0.000536064891607134 0.0495926924288671
25.9 2.92484380484763E-10 -0.000520042851425279 0.0593312909907014 -1.23807392253858E-05 -0.000507554178462067 0.0481770795799897
26 2.65672629459293E-10 -0.000498667806434201 0.058155469275487 -1.35498524310344E-05 -0.000485387863373476 0.0467875256596753
26.1 2.41315115067704E-10 -0.000478155953556378 0.0569995296532483 -1.58055236739338E-05 -0.000471279496929429 0.045407124150016
26.2 2.19187539312409E-10 -0.000458473196578907 0.0558632449383478 -1.64815673571402E-05 -0.000454651102440422 0.0440368532941575
26.3 1.99086068385711E-10 -0.000439586748073145 0.0547463867095453 -1.57642430604114E-05 -0.000426873402422216 0.0426853109743572
26.4 1.80825469043555E-10 -0.000421465081070926 0.0536487254931155 -1.4389769380008E-05 -0.000403778815186172 0.041353014168401
26.5 1.64237414352257E-10 -0.000404077882427306 0.0525700309389722 -1.8128329186803E-05 -0.000382965515149368 0.0400315970600033
26.6 1.49168943449086E-10 -0.000387396007816087 0.0515100719899738 -2.30894419569965E-05 -0.000366129380830469 0.0387215755344678
26.7 1.35481061347043E-10 -0.000371391438305807 0.0504686170445798 -2.87759297915168E-05 -0.000350296910281091 0.0374289010849289
26.8 1.23047466078142E-10 -0.000356037238465267 0.0494454341130274 -2.89915114758272E-05 -0.000342995888600647 0.0361550076968351
26.9 1.11753391619558E-10 -0.000341307515949083 0.048440290967195 -2.20386796475333E-05 -0.000330760187996067 0.0348829264649951
27 1.01494556093111E-10 -0.000327177382515131 0.0474529552843156 -1.83282542003051E-05 -0.000306054381234553 0.0336276619180758
27.1 9.21762056802921E-11 -0.000313622916427053 0.0464831947847049 -1.86694467443785E-05 -0.000290440975820874 0.032388798352444
27.2 8.37122455607863E-11 -0.000300621126196359 0.0455307773636612 -2.05453438364632E-05 -0.000285050349800911 0.0311736635813187
27.3 7.6024449969932E-11 -0.000288149915619915 0.0445954712176971 -2.22091224593773E-05 -0.000269903937282873 0.0299538850369491
27.4 6.90417441869627E-11 -0.00027618805006991 0.043677044965255 -1.96768141693836E-05 -0.000249634754155383 0.0287393987341439
27.5 6.26995519174396E-11 -0.000264715123994605 0.042775267762064 -2.08294994243824E-05 -0.000240644577534003 0.0275392348938811
27.6 5.69392021259657E-11 -0.000253711529589405 0.0418899094112828 -2.53851253188169E-05 -0.000236346524604943 0.0263602462164702
27.7 5.17073899143555E-11 -0.000243158426598992 0.0410207404685815 -2.81675659337473E-05 -0.000217866281983773 0.0251880893396549
27.8 4.69556865307169E-11 -0.000233037713212384 0.040167532342303 -2.32920094330489E-05 -0.000195371278933361 0.0240193975429961
27.9 4.26400940408423E-11 -0.000223331998013985 0.0393300573888515 -1.19607798297302E-05 -0.000184219252000306 0.022848213800211
28 3.87206405988651E-11 -0.000214024572954737 0.0385080890034434 -1.05029436067552E-05 -0.000169477298180747 0.0216950407695837
28.1 3.51610126229761E-11 -0.000205099387308632 0.0377014017063619 -1.37697975635795E-05 -0.000150423614647964 0.0205541586885885
28.2 3.19282205174362E-11 -0.000196541022580861 0.0369097712248487 -1.72287787193374E-05 -0.000138185336805376 0.0194288500433913
28.3 2.89922948871658E-11 -0.000188334668334931 0.0361329745707652 -1.3731372418007E-05 -0.000137489395750229 0.0183005014787801
28.4 2.63260104686001E-11 -0.0001804660989071 0.0353707901141535 -1.14876953142261E-05 -0.000128105008277441 0.017186118423114
28.5 2.39046352527634E-11 -0.000172921650977439 0.0346229976528242 -1.31982933818187E-05 -0.000112837221426242 0.0160800355996164
28.6 2.17057025059078E-11 -0.000165688201967825 0.0338893784780955 -1.26341775384119E-05 -9.73581110457171E-05 0.0149797309634638
28.7 1.9708803601655E-11 -0.000158753149238066 0.0331697154368066 -1.29292141971736E-05 -8.86304016042324E-05 0.0138743481878732
28.8 1.78953997682503E-11 -0.000152104390052314 0.0324637929897232 -1.06357747731351E-05 -7.90215198583637E-05 0.0127835210537457
28.9 1.62486510270006E-11 -0.000145730302288771 0.0317713972664535 -1.14779354020325E-05 -7.619642445347E-05 0.0117033531209105
29 1.47532607547862E-11 -0.000139619725866578 0.0310923161169898 -1.78755610396819E-05 -7.17053421521396E-05 0.0106316846202113
29.1 1.33953344461063E-11 -0.000133761944864618 0.0304263391599837 -2.03002152819898E-05 -6.1478987537543E-05 0.00955679975686279
29.2 1.21622513797641E-11 -0.000128146670307771 0.0297732578278705 -2.03370248118301E-05 -5.56334710254545E-05 0.00848154542661023
29.3 1.1042548013148E-11 -0.000122764023596968 0.0291328654089434 -1.79929872311049E-05 -4.46106536668301E-05 0.00741243882334632
29.4 1.00258120342319E-11 -0.000117604520560146 0.0285049570864864 -1.76629520907043E-05 -3.23540716537895E-05 0.00634341647856671
29.5 9.10258609883214E-12 -0.000112659056101982 0.0278893299750656 -1.31455970927244E-05 -2.96328135709634E-05 0.00528049318250898
29.6 8.26428036922954E-12 -0.000107918889430993 0.0272857831540793 -3.92154118445395E-06 -3.47547698384871E-05 0.00422977105008867
29.7 7.50309305078384E-12 -0.000103375629843304 0.0266941176986637 -6.82405982303476E-07 -3.74699361825943E-05 0.00317720568786031
29.8 6.81193819636275E-12 -9.9021223043085E-05 0.0261141367080494 -8.54773133471775E-06 -2.59697996181247E-05 0.002120828454426
29.9 6.18438011495235E-12 -9.4847937980312E-05 0.0255456453314606 -1.0497235482172E-05 -8.00707246680915E-06 0.00105910857682551
