0 0 -1 0.999642293403525
0.0263157894736842 0.0263034025880214 -0.99965388303467 0.999303308227389
0.0526315789473684 0.052588963850983 -0.998615766892956 0.998286352698978
0.0789473684210526 0.0788388424638249 -0.996886355837689 0.996591426818295
0.105263157894737 0.105035197101487 -0.994466823640256 0.994218530585338
0.131578947368421 0.13116018643891 -0.991358813580595 0.991167664000107
0.157894736842105 0.157195969151034 -0.987564438447202 0.987438827062603
0.184210526315789 0.183124703912799 -0.983086280537123 0.983032019772826
0.210526315789474 0.208928549399146 -0.977927391655962 0.977947242130775
0.236842105263158 0.234589664285013 -0.972091293117874 0.972184494136451
0.263157894736842 0.260090207245342 -0.965581975745571 0.965743775789853
0.289473684210526 0.285412336955073 -0.958403899870317 0.958625087090982
0.315789473684211 0.310538212089146 -0.950561995331932 0.950828428039837
0.342105263157895 0.335449991322501 -0.94206166147879 0.942353798636419
0.368421052631579 0.360129833330078 -0.932908767167816 0.933201198880727
0.394736842105263 0.384559896786817 -0.923109650764495 0.923370628772762
0.421052631578947 0.40872234036766 -0.91267112014286 0.912862088312524
0.447368421052632 0.432599322747544 -0.901600452685503 0.901675577500012
0.473684210526316 0.456173002601412 -0.889905395283568 0.889811096335227
0.5 0.479425538604203 -0.877594164336754 0.877268644818168
0.5 0.479425538604203 -0.877594164336754 0.877268644818168
0.526315789473684 0.502339817460626 -0.864675440963644 0.864131218342489
0.552631578947368 0.524901637994466 -0.851158318315341 0.850481812301845
0.578947368421053 0.547097527059276 -0.837052248889102 0.836320426696236
0.605263157894737 0.56891401150861 -0.822367039738672 0.821647061525662
0.631578947368421 0.590337618196022 -0.80711285247428 0.806461716790121
0.657894736842105 0.611354873975064 -0.791300203262639 0.790764392489616
0.684210526315789 0.631952305699291 -0.77493996282695 0.774555088624145
0.710526315789474 0.652116440222256 -0.758043356446898 0.757833805193708
0.736842105263158 0.671833804397513 -0.740621963958654 0.740600542198306
0.763157894736842 0.691090925078615 -0.722687719754872 0.722855299637938
0.789473684210526 0.709874329119115 -0.704252912784697 0.704598077512605
0.815789473684211 0.728170543372568 -0.685330186553753 0.685828875822307
0.842105263157895 0.745966094692527 -0.665932539124154 0.666547694567043
0.868421052631579 0.763247509932544 -0.646073323114496 0.646754533746814
0.894736842105263 0.780001315946175 -0.625766245699865 0.626449393361619
0.921052631578947 0.796214039586972 -0.605025368611828 0.605632273411458
0.947368421052632 0.811872207708489 -0.583865108138439 0.584303173896332
0.973684210526316 0.826962347164279 -0.562300235124239 0.562462094816241
1 0.841470984807897 -0.540345874970251 0.540109036171184
1 0.841470984807897 -0.540345874970251 0.540109036171184
1.02631578947368 0.855385925305353 -0.518017499227325 0.517389668581451
1.05263157894737 0.868700084572496 -0.495330833122866 0.494449662667332
1.07894736842105 0.88140765633763 -0.472301763087562 0.471289018428827
1.10526315789474 0.893502834329062 -0.448946328348725 0.447907735865935
1.13157894736842 0.904979812275097 -0.425280720930291 0.424305814978657
1.15789473684211 0.915832783904041 -0.401321285652817 0.400483255766993
1.18421052631579 0.926055942944199 -0.377084520133488 0.376440058230943
1.21052631578947 0.935643483123876 -0.35258707478611 0.352176222370506
1.23684210526316 0.94458959817138 -0.32784575282111 0.327691748185683
1.26315789473684 0.952888481815014 -0.302877510245545 0.302986635676473
1.28947368421053 0.960534327783086 -0.277699455863088 0.278060884842878
1.31578947368421 0.967521329803899 -0.252328851274042 0.252914495684896
1.34210526315789 0.973843681605761 -0.22678311087533 0.227547468202528
1.36842105263158 0.979495576916976 -0.201079801860499 0.201959802395773
1.39473684210526 0.984471209465851 -0.17523664421972 0.176151498264632
1.42105263157895 0.98876477298069 -0.149271510739788 0.150122555809105
1.44736842105263 0.9923704611898 -0.12320242700412 0.123872975029192
1.47368421052632 0.995282467821487 -0.0970475713927583 0.0974027559248925
1.5 0.997494986604054 -0.0708252750823675 0.0707118984962065
1.5 0.997494986604054 -0.0708252750823675 0.0707118984962065
1.52631578947368 0.999003726007906 -0.0445540120808277 0.0439730833421174
1.55263157894737 0.999810453471829 -0.0182522896077403 0.0173589910616085
1.57894736842105 0.999918451176706 0.00806146152506648 -0.00913037834532051
1.60526315789474 0.999331001303422 0.0343688968789446 -0.0354950248786693
1.63157894736842 0.998051386032861 0.0606517583884283 -0.0617349485384382
1.65789473684211 0.996082887545904 0.0868918743612321 -0.0878501493246271
1.68421052631579 0.993428788023438 0.113071159478252 -0.113840627237236
1.71052631578947 0.990092369646345 0.139171614793566 -0.139706382276265
1.73684210526316 0.986076914595508 0.165175327734431 -0.165447414441713
1.76315789473684 0.981385705051812 0.191064472101286 -0.191063723733582
1.78947368421053 0.97602202319614 0.216821308067754 -0.216555310151871
1.81578947368421 0.969989151209377 0.242428182180635 -0.241922173696579
1.84210526315789 0.963290371272404 0.267867527359912 -0.267164314367708
1.86842105263158 0.955928965566108 0.29312186289875 -0.292281732165256
1.89473684210526 0.947908216271369 0.318173794463493 -0.317274427089225
1.92105263157895 0.939231405569074 0.343006014093668 -0.342142399139613
1.94736842105263 0.929901815640106 0.367601300201982 -0.366885648316422
1.97368421052632 0.919922728665347 0.391942517574325 -0.39150417461965
2 0.909297426825682 0.416012617369764 -0.415997978049298
2 0.909297426825682 0.416012617369764 -0.415997978049298
2.02631578947368 0.898030573112023 0.439794646204829 -0.440209646262062
2.05263157894737 0.886132353755399 0.463271846080547 -0.463981766914638
2.07894736842105 0.873614335796868 0.486427754309483 -0.487314340007026
2.10526315789474 0.860488086277487 0.509246212600023 -0.510207365539224
2.13157894736842 0.846765172238314 0.53171136705637 -0.532660843511235
2.15789473684211 0.832457160720406 0.553807668178542 -0.554674773923057
2.18421052631579 0.817575618764822 0.575519870862377 -0.576249156774691
2.21052631578947 0.802132113412617 0.596833034399527 -0.597383992066136
2.23684210526316 0.786138211704851 0.617732522477466 -0.618079279797393
2.26315789473684 0.769605480682581 0.63820400317948 -0.638335019968462
2.28947368421053 0.752545487386863 0.658233448984677 -0.658151212579342
2.31578947368421 0.734969798858757 0.677807136767979 -0.677527857630033
2.34210526315789 0.71688998213932 0.696911647800126 -0.696464955120537
2.36842105263158 0.698317604269608 0.715533867747677 -0.714962505050851
2.39473684210526 0.67926423229068 0.733660986673007 -0.733020507420978
2.42105263157895 0.659741433243593 0.751280499034308 -0.750638962230916
2.44736842105263 0.639760774169406 0.76838020368559 -0.767817869480666
2.47368421052632 0.619333822109174 0.78494820387668 -0.784557229170227
2.5 0.598472144103957 0.800972907253222 -0.8008570412996
2.5 0.598472144103957 0.800972907253222 -0.8008570412996
2.52631578947368 0.577188216002362 0.816443031835675 -0.816613701807913
2.55263157894737 0.555498148883206 0.83134767178828 -0.831723606634294
2.57894736842105 0.533418962632855 0.845676363188026 -0.846186755778743
2.60526315789474 0.510967677137675 0.859419090003651 -0.86000314924126
2.63157894736842 0.488161312284034 0.872566284095637 -0.873172787021845
2.65789473684211 0.465016887958297 0.885108825216213 -0.885695669120498
2.68421052631579 0.441551424046832 0.897038041009357 -0.89757179553722
2.71052631578947 0.417781940436004 0.908345707010789 -0.908801166272009
2.73684210526316 0.393725457012181 0.91902404664798 -0.919383781324867
2.76315789473684 0.36939899366173 0.929065731240144 -0.929319640695792
2.78947368421053 0.344819570271016 0.938463879998244 -0.938608744384786
2.81578947368421 0.320004206726407 0.947212060024988 -0.947251092391848
2.84210526315789 0.294969922914269 0.955304286314831 -0.955246684716978
2.86842105263158 0.269733738720969 0.962735021753974 -0.962595521360176
2.89473684210526 0.244312674032873 0.969499177120366 -0.969297602321443
2.92105263157895 0.218723748736349 0.9755921110837 -0.975352927600777
2.94736842105263 0.192983982717762 0.981009630205419 -0.980761497198179
2.97368421052632 0.167110395863479 0.985747988938708 -0.98552331111365
3 0.141120008059867 0.989803889628503 -0.989638369347188
3 0.141120008059867 0.989803889628503 -0.989638369347188
3.02631578947368 0.115030053490425 0.993174483921332 -0.993082242025819
3.05263157894737 0.0888586235271738 0.995857388273667 -0.995830499276566
3.07894736842105 0.0626240238392707 0.997850699460265 -0.99788314109943
3.10526315789474 0.0363445600958697 0.999152995984019 -0.999240167494411
3.13157894736842 0.0100385379661251 0.999763338075957 -0.999901578461508
3.15789473684211 -0.0162757368808073 0.999681267695243 -0.999867374000721
3.18421052631579 -0.0425799587757732 0.998906808529177 -0.999137554112052
3.21052631578947 -0.0688558220496178 0.997440465993195 -0.997712118795498
3.23684210526316 -0.0950850210331866 0.995283227230866 -0.995591068051062
3.26315789473684 -0.121249250057324 0.992436561113899 -0.992774401878742
3.28947368421053 -0.147330203452876 0.988902418242135 -0.989262120278538
3.31578947368421 -0.173309575550687 0.984683230943553 -0.985054223250451
3.34210526315789 -0.199169060681602 0.979781913274265 -0.980150710794481
3.36842105263158 -0.224890353176467 0.974201861018521 -0.974551582910627
3.39473684210526 -0.250455147366128 0.967946951688707 -0.96825683959889
3.42105263157895 -0.275845137581428 0.961021544525342 -0.961266480859269
3.44736842105263 -0.301042018153213 0.953430480497084 -0.953580506691765
3.47368421052632 -0.326027483412329 0.945179082300723 -0.945198917096377
3.5 -0.35078322768962 0.936273154361188 -0.936121712073106
3.5 -0.35078322768962 0.936273154361188 -0.936121712073106
3.52631578947368 -0.375291477996041 0.926718979327067 -0.926409617154457
3.55263157894737 -0.399536592062987 0.916523279521391 -0.916123357872932
3.57894736842105 -0.42350346030196 0.905693178392418 -0.905262934228532
3.60526315789474 -0.447176973124463 0.894236197009152 -0.893828346221257
3.63157894736842 -0.470542020942001 0.882160254061349 -0.881819593851108
3.65789473684211 -0.493583494166076 0.869473665859516 -0.869236677118084
3.68421052631579 -0.516286283208191 0.856185146334907 -0.856079596022184
3.71052631578947 -0.538635278479849 0.842303807039527 -0.842348350563411
3.73684210526316 -0.560615370392555 0.827839157146133 -0.828042940741762
3.76315789473684 -0.582211449357812 0.81280110344823 -0.813163366557238
3.78947368421053 -0.603408405787122 0.797199950360072 -0.797709628009839
3.81578947368421 -0.624191130091989 0.781046399916666 -0.781681725099566
3.84210526315789 -0.644544512683916 0.764351551773766 -0.765079657826418
3.86842105263158 -0.664453443974406 0.747126903207876 -0.747903426190395
3.89473684210526 -0.683902814374964 0.729384349116252 -0.730153030191497
3.92105263157895 -0.702877514297092 0.711136182016899 -0.711828469829725
3.94736842105263 -0.721362434152293 0.692395092048572 -0.692929745105077
3.97368421052632 -0.739342464352071 0.673174166970774 -0.673456856017555
4 -0.756802495307928 0.65348689216376 -0.653409802567158
4 -0.756802495307928 0.65348689216376 -0.653409802567158
4.02631578947368 -0.773728566672256 0.63334714306774 -0.63291959821496
4.05263157894737 -0.79011131506099 0.612769102014129 -0.612117256422035
4.07894736842105 -0.805942526330953 0.591767175056801 -0.591002777188384
4.10526315789474 -0.821213986338969 0.570355984411289 -0.569576160514005
4.13157894736842 -0.835917480941859 0.548550368454794 -0.547837406398901
4.15789473684211 -0.850044795996448 0.526365381726176 -0.525786514843069
4.18421052631579 -0.863587717359558 0.503816294925959 -0.503423485846511
4.21052631578947 -0.876538030888012 0.480918594916328 -0.480748319409226
4.23684210526316 -0.888887522438634 0.457687984721133 -0.457761015531214
4.26315789473684 -0.900627977868246 0.434140383525882 -0.434461574212475
4.28947368421053 -0.91175118303367 0.410291926677752 -0.41084999545301
4.31578947368421 -0.922248923791731 0.386158965685578 -0.386926279252818
4.34210526315789 -0.932112985999251 0.361758068219859 -0.3626904256119
4.36842105263158 -0.941335155513053 0.337106018112756 -0.338142434530254
4.39473684210526 -0.949907218189959 0.312219815358093 -0.313282306007882
4.42105263157895 -0.957820959886794 0.287116676111355 -0.288110040044784
4.44736842105263 -0.96506816646038 0.261814032689693 -0.262625636640957
4.47368421052632 -0.97164062376754 0.236329533571918 -0.236829095796405
4.5 -0.977530117665097 0.210681043398503 -0.210720417511126
4.5 -0.977530117665097 0.210681043398503 -0.210720417511126
4.52631578947368 -0.982729918429059 0.18488663320567 -0.184468825572286
4.55263157894737 -0.987239234012179 0.158964473000315 -0.158243543767051
4.57894736842105 -0.991058756786392 0.132932724334933 -0.132044572095421
4.60526315789474 -0.994189179123636 0.106809530541705 -0.105871910557395
4.63157894736842 -0.996631193395848 0.0806130167325039 -0.0797255591529746
4.65789473684211 -0.998385491974965 0.0543612897988812 -0.0536055178821591
4.68421052631579 -0.999452767232923 0.0280724384120776 -0.0275117867449485
4.71052631578947 -0.99983371154166 0.00176453302301915 -0.00144436574134275
4.73684210526316 -0.999529017273113 -0.0245443741376824 0.0245967451286581
4.76315789473684 -0.998539376799218 -0.0508362490597301 0.050611545865055
4.78947368421053 -0.996865482491914 -0.0770930759531383 0.076600036467846
4.81578947368421 -0.994508026723135 -0.103296857248238 0.102562216937032
4.84210526315789 -0.991467701864821 -0.129429613595676 0.128498087272614
4.86842105263158 -0.987745200288907 -0.155473383866408 0.15440764747459
4.89473684210526 -0.98334121436733 -0.181410225151708 0.180290897542962
4.92105263157895 -0.978256436472028 -0.207222212763164 0.206147837477728
4.94736842105263 -0.972491558974937 -0.232891440232677 0.231978467278891
4.97368421052632 -0.966047274247995 -0.258400019312461 0.257782786946448
5 -0.958924274663138 -0.283730079975046 0.2835607964804
5 -0.958924274663138 -0.283730079975046 0.2835607964804
5.02631578947368 -0.951124708782907 -0.308863779993477 0.309146490151986
5.05263157894737 -0.942656549932254 -0.333783410323528 0.334373862232445
5.07894736842105 -0.933529227626736 -0.358471500485921 0.359242912721776
5.10526315789474 -0.923752171381907 -0.382910828146521 0.383753641619981
5.13157894736842 -0.913334810713326 -0.40708441911634 0.407906048927057
5.15789473684211 -0.902286575136546 -0.430975547351536 0.431700134643006
5.18421052631579 -0.890616894167125 -0.454567734953415 0.455135898767828
5.21052631578947 -0.878335197320618 -0.477844752168428 0.478213341301522
5.23684210526316 -0.865450914112581 -0.500790617388171 0.500932462244089
5.26315789473684 -0.85197347405857 -0.523389597149389 0.52329326159553
5.28947368421053 -0.837912306674142 -0.54562620613397 0.545295739355842
5.31578947368421 -0.823276841474851 -0.56748520716895 0.566939895525027
5.34210526315789 -0.808076507976256 -0.588951611226512 0.588225730103085
5.36842105263158 -0.79232073569391 -0.610010677423983 0.609153243090015
5.39473684210526 -0.77601895414337 -0.630647913023838 0.629722434485818
5.42105263157895 -0.759180592840193 -0.650849073433698 0.649933304290493
5.44736842105263 -0.741815081299933 -0.670600162206331 0.669785852504042
5.47368421052632 -0.723931849038147 -0.689887431039647 0.689280079126463
5.5 -0.705540325570392 -0.708697379776707 0.708415984157756
5.5 -0.705540325570392 -0.708697379776707 0.708415984157756
5.52631578947368 -0.686651011733401 -0.727016763453882 0.727071436983617
5.55263157894737 -0.66727869364862 -0.744832669830677 0.745124306989739
5.57894736842105 -0.647439228758676 -0.762132596919553 0.762574594176123
5.60526315789474 -0.62714847450619 -0.778904460034094 0.779422298542769
5.63157894736842 -0.60642228833379 -0.795136591789003 0.795667420089676
5.65789473684211 -0.5852765276841 -0.810817742100107 0.811309958816845
5.68421052631579 -0.563727049999744 -0.825937078184353 0.826349914724275
5.71052631578947 -0.541789712723347 -0.840484184559812 0.840787287811967
5.73684210526316 -0.519480373297533 -0.854449063045675 0.854622078079921
5.76315789473684 -0.496814889164927 -0.867822132762254 0.867854285528137
5.78947368421053 -0.473809117768155 -0.880594230130985 0.880483910156614
5.81578947368421 -0.45047891654984 -0.892756608874424 0.892510951965353
5.84210526315789 -0.426840142952608 -0.904300940016249 0.903935410954353
5.86842105263158 -0.402908654419082 -0.915219311881261 0.914757287123615
5.89473684210526 -0.378700308391889 -0.925504230095379 0.924976580473139
5.92105263157895 -0.354230962313652 -0.935148617585649 0.934593291002924
5.94736842105263 -0.329516473626995 -0.944145814580235 0.943607418712971
5.97368421052632 -0.304572699774545 -0.952489578608423 0.95201896360328
6 -0.279415498198926 -0.960174084500622 0.95982792567385
6 -0.279415498198926 -0.960174084500622 0.95982792567385
6.02631578947368 -0.254061150925407 -0.967193927181668 0.966985902503163
6.05263157894737 -0.228527638309837 -0.973544152397204 0.9734444916697
6.07894736842105 -0.20283336529071 -0.979220287440049 0.979203693173461
6.10526315789474 -0.17699673680652 -0.984218343943513 0.984263507014446
6.13157894736842 -0.151036157795763 -0.988534817881388 0.988623933192655
6.15789473684211 -0.124970033196932 -0.992166689567956 0.992284971708087
6.18421052631579 -0.0988167679485199 -0.995111423657984 0.995246622560744
6.21052631578947 -0.0725947669890223 -0.997366969146728 0.997508885750624
6.23684210526316 -0.0463224352569328 -0.998931759369928 0.999071761277728
6.26315789473684 -0.0200181776907445 -0.999804712003811 0.999935249142057
6.28947368421053 0.00629960077104652 -0.999985229065093 1.00009934934361
6.31578947368421 0.0326124951899471 -0.999473196910974 0.999564061882385
6.34210526315789 0.0589021006274632 -0.998268986239143 0.998329386758385
6.36842105263158 0.0851500121451006 -0.996373452087774 0.996395323971609
6.39473684210526 0.111337824804365 -0.993787933835527 0.993761873522056
6.42105263157895 0.137447133666763 -0.990514255201551 0.990429035409728
6.44736842105263 0.163459533793801 -0.986554724245481 0.986396809634623
6.47368421052632 0.189356620246983 -0.981912133367438 0.981665196196743
6.5 0.215119988087815 -0.976589759308029 0.976234195096086
6.5 0.215119988087815 -0.976589759308029 0.976234195096086
6.52631578947368 0.240731560082456 -0.970591360992398 0.970141164662826
6.55263157894737 0.266174569815662 -0.963921155814755 0.963423463227132
6.57894736842105 0.291432578576844 -0.956583795922907 0.956081090789005
6.60526315789474 0.316489147655413 -0.948584366062312 0.948114047348444
6.63157894736842 0.341327838340777 -0.939928383576071 0.939522332905452
6.65789473684211 0.365932211922345 -0.930621798404936 0.930305947460026
6.68421052631579 0.390285829689528 -0.920670993087302 0.920464891012167
6.71052631578947 0.414372252931736 -0.910082782759215 0.909999163561875
6.73684210526316 0.438175042938378 -0.898864415154365 0.898908765109151
6.76315789473684 0.461677760998863 -0.887023570604091 0.887193695653993
6.78947368421053 0.484863968402602 -0.874568362037379 0.874853955196402
6.81578947368421 0.507717226439003 -0.861507334980861 0.861889543736379
6.84210526315789 0.530221096397477 -0.847849467558817 0.848300461273922
6.86842105263158 0.552359139567434 -0.833604170493174 0.834086707809033
6.89473684210526 0.574114917238282 -0.818781287103505 0.819248283341711
6.92105263157895 0.595471990699432 -0.803391093307033 0.803785187871956
6.94736842105263 0.616413921240294 -0.787444297618625 0.787697421399767
6.97368421052632 0.636924270150276 -0.770952041150797 0.770984983925146
7 0.656986598718789 -0.753925897613711 0.753647875448092
7 0.656986598718789 -0.753925897613711 0.753647875448092
7.02631578947368 0.676585462036848 -0.736377866777009 0.735799389351739
7.05263157894737 0.695709390401896 -0.718320302549956 0.71755281901922
7.07894736842105 0.714347907912981 -0.699765841061593 0.698908164450536
7.10526315789474 0.732490538669152 -0.680727394122562 0.679865425645686
7.13157894736842 0.750126806769455 -0.66121814922511 0.660424602604671
7.15789473684211 0.76724623631294 -0.641251569543089 0.64058569532749
7.18421052631579 0.783838351398655 -0.620841393931953 0.620348703814144
7.21052631578947 0.799892676125648 -0.600001636928763 0.599713628064633
7.23684210526316 0.815398734592967 -0.57874658875218 0.578680468078956
7.26315789473684 0.830346050899662 -0.557090815302471 0.557249223857113
7.28947368421053 0.844724149144779 -0.535049158161509 0.535419895399105
7.31578947368421 0.858522553427367 -0.512636734592768 0.513192482704932
7.34210526315789 0.871730787846475 -0.489868937541328 0.490566985774593
7.36842105263158 0.884338376501151 -0.46676143563387 0.467543404608089
7.39473684210526 0.896334843490443 -0.443330173178683 0.444121739205419
7.42105263157895 0.9077097129134 -0.419591370165657 0.420301989566584
7.44736842105263 0.918452508869069 -0.395561522266287 0.396084155691583
7.47368421052632 0.9285527554565 -0.371257400833673 0.371468237580417
7.5 0.937999976774739 -0.346696052902517 0.346454235233085
7.5 0.937999976774739 -0.346696052902517 0.346454235233085
7.52631578947368 0.94678513573523 -0.321894791723255 0.321206173262565
7.55263157894737 0.954904950498995 -0.296871092637476 0.295888076281834
7.57894736842105 0.962357578039448 -0.271642488953338 0.270499944290893
7.60526315789474 0.969141175330005 -0.246226562479697 0.245041777289739
7.63157894736842 0.975253899344081 -0.220640943526113 0.219513575278375
7.65789473684211 0.980693907055093 -0.194903310902842 0.1939153382568
7.68421052631579 0.985459355436455 -0.169031391920842 0.168247066225015
7.71052631578947 0.989548401461583 -0.143042962391768 0.142508759183018
7.73684210526316 0.992959202103893 -0.116955846627977 0.11670041713081
7.76315789473684 0.995689914336799 -0.0907879174425223 0.0908220400683901
7.78947368421053 0.997738695133718 -0.0645570961491622 0.0648736279957603
7.81578947368421 0.999103701468066 -0.0382813525623495 0.0388551809129194
7.84210526315789 0.999783090313256 -0.0119787049972392 0.0127666988198675
7.86842105263158 0.999775018642706 0.014332779730315 -0.0133918182833953
7.89473684210526 0.99907764342983 0.0406349863037598 -0.0396203703968692
7.92105263157895 0.997689121648044 0.0669097509058416 -0.0659189575205541
7.94736842105263 0.995607610270764 0.0931388612186093 -0.0922875796544509
7.97368421052632 0.992831266271404 0.119304056423408 -0.118726236798558
8 0.989358246623382 0.145387027200888 -0.145234928952876
8 0.989358246623382 0.145387027200888 -0.145234928952876
8.02631578947368 0.985188156884149 0.171369425261155 -0.171648517537084
8.05263157894737 0.980326396947311 0.197232968175513 -0.19780186397086
8.07894736842105 0.974779815290511 0.222959544208207 -0.223694968254206
8.10526315789474 0.968555260391392 0.248531221846572 -0.249327830387119
8.13157894736842 0.961659580727596 0.273930249801046 -0.274700450369602
8.1578947368421 0.954099624776768 0.299139057005155 -0.299812828201653
8.18421052631579 0.945882241016548 0.32414025261553 -0.324664963883274
8.21052631578947 0.937014277924581 0.348916626011889 -0.349256857414463
8.23684210526316 0.92750258397851 0.37345114679705 -0.37358850879522
8.26315789473684 0.917354007655977 0.397726964796929 -0.397659918025547
8.28947368421053 0.906575397434626 0.421727410060533 -0.421471085105441
8.31578947368421 0.895173601792098 0.445435992859969 -0.445022010034905
8.34210526315789 0.883155469206038 0.468836403690437 -0.468312692813936
8.36842105263158 0.870527848154087 0.491912513270235 -0.491343133442538
8.39473684210526 0.85729758711389 0.514648372540756 -0.514113331920709
8.42105263157895 0.843471534563089 0.537028212666487 -0.536623288248446
8.44736842105263 0.829056538979326 0.559036445035015 -0.558873002425754
8.47368421052632 0.814059448840247 0.580657661257019 -0.580862474452629
8.5 0.79848711262349 0.601876633166277 -0.602591704329074
8.5 0.79848711262349 0.601876633166277 -0.602591704329074
8.52631578947368 0.782347792138125 0.622678322117893 -0.623899572272875
8.55263157894737 0.765655402518908 0.643047981268863 -0.644624958501816
8.57894736842105 0.748425272232019 0.662971257858645 -0.664767863015901
8.60526315789474 0.73067272974364 0.682434202507377 -0.684328285815127
8.63157894736842 0.71241310351995 0.701423269215895 -0.703306226899496
8.6578947368421 0.693661722027131 0.719925315365715 -0.721701686269006
8.68421052631579 0.674433913731361 0.737927601719051 -0.739514663923659
8.71052631578947 0.654745007098822 0.755417792418799 -0.756745159863454
8.73684210526316 0.634610330595696 0.772383954988545 -0.773393174088391
8.76315789473684 0.61404521268816 0.788814560332568 -0.78945870659847
8.78947368421053 0.593064981842398 0.804698482735832 -0.804941757393691
8.81578947368421 0.571684966524587 0.820024999863992 -0.819842326474055
8.84210526315789 0.549920495200912 0.83478379276339 -0.83416041383956
8.86842105263158 0.527786896337548 0.84896494586106 -0.847896019490208
8.89473684210526 0.505299498400679 0.862558946964723 -0.861049143425998
8.92105263157895 0.482473629856486 0.875556687262786 -0.87361978564693
8.94736842105263 0.459324619171146 0.887949461324352 -0.885607946153004
8.97368421052632 0.435867794810844 0.899728967099206 -0.89701362494422
9 0.412118485241757 0.910887305917828 -0.907836822020579
9 0.412118485241757 0.910887305917828 -0.907836822020579
9.02631578947368 0.388091895385199 0.921416981678587 -0.918091621496905
9.05263157894737 0.363802735983018 0.931310891906999 -0.927792107488024
9.07894736842105 0.339265594232191 0.940562318814985 -0.936938279993937
9.10526315789474 0.314495057329699 0.949164928488065 -0.945530139014642
9.13157894736842 0.289505712472519 0.957112770885367 -0.953567684550141
9.1578947368421 0.264312146857632 0.964400279839621 -0.961050916600433
9.18421052631579 0.238928947682015 0.971022273057166 -0.967979835165518
9.21052631578947 0.213370702142649 0.97697395211794 -0.974354440245396
9.23684210526316 0.187651997436514 0.982250902475491 -0.980174731840068
9.26315789473684 0.161787420760586 0.986849093456969 -0.985440709949533
9.28947368421053 0.135791559311848 0.990764878263129 -0.99015237457379
9.31578947368421 0.109679000287275 0.993994993968331 -0.994309725712842
9.34210526315789 0.0834643308838496 0.996536561520539 -0.997912763366686
9.36842105263158 0.0571621382985478 0.998387085741324 -1.00096148753532
9.39473684210526 0.0307870097283504 0.999544455325859 -1.00345589821875
9.42105263157895 0.00435353237023831 1.00000694284292 -1.00539599541698
9.44736842105263 -0.0221237065788129 0.999773204734898 -1.00678177912999
9.47368421052632 -0.0486301199218207 0.998842281317775 -1.00761324935781
9.5 -0.0751511204618094 0.997213596781145 -1.00789040610041
