0 1 0.05 0.987758256189037 0.0496939564047259
0.5 0.877582561890373 0.55 0.843854536288149 0.512431567927056
1 0.54030230586814 1.05 0.493345795448096 0.849708059945127
1.5 0.0707372016677029 1.55 0.0220487978462183 0.97894638428403
2 -0.416146836547142 2.05 -0.454646514447121 0.868504491801466
2.5 -0.801143615546934 2.55 -0.820028503652285 0.545422409572823
3 -0.989992496600445 3.05 -0.98463891566948 0.0888018992092103
3.5 -0.936456687290796 3.55 -0.908175380648078 -0.389560413155324
4 -0.653643620863612 4.05 -0.609358838720329 -0.772544749985053
4.5 -0.21079579943078 4.55 -0.161350000941379 -0.966383188578356
5 0.283662185463226 5.05 0.326162944346029 -0.923617318815709
5.5 0.70866977429126 5.55 0.733819825527171 -0.654717717126858
6 0.960170286650366 6.05 0.961812020558132 -0.2255203842067
6.5 0.976587625728023 6.55 0.954319088589552 0.258892204065624
7 0.753902254343305 7.05 0.713175560692477 0.679918951601411
7.5 0.346635317835026 7.55 0.297421782670662 0.934477826782742
8 -0.145500033808614 8.05 -0.191151220696235 0.960243938914081
8.5 -0.602011902684824 8.55 -0.632923738604809 0.750908845121102
9 -0.911130261884677 9.05 -0.919734451315847 0.357725077180954
