0 0 -1 0.968139278447228
0.0263157894736842 0.0254644848881697 -0.999664884564872 0.967161573053668
0.0526315789473684 0.0509032406870352 -0.99865998964702 0.966183867660108
0.0789473684210526 0.0763162673965964 -0.996985992327741 0.965206162266548
0.105263157894737 0.101703565016853 -0.994643569688333 0.964228456872987
0.131578947368421 0.127065133547806 -0.991633398810094 0.963250751479427
0.157894736842105 0.152400972989455 -0.98795615677432 0.962273046085867
0.184210526315789 0.177711083341799 -0.983612520662309 0.961295340692307
0.210526315789474 0.202995464604839 -0.97860316755536 0.960317635298746
0.236842105263158 0.228254116778575 -0.972928774534768 0.959339929905186
0.263157894736842 0.253487039863007 -0.966590018681832 0.958362224511626
0.289473684210526 0.278694233858135 -0.959587577077849 0.957384519118066
0.315789473684211 0.303875698763958 -0.951922126804117 0.956406813724505
0.342105263157895 0.329031434580477 -0.943594344941933 0.955429108330945
0.368421052631579 0.354161441307692 -0.934604908572594 0.954451402937385
0.394736842105263 0.379265718945603 -0.924954494777399 0.953473697543825
0.421052631578947 0.404344267494209 -0.914643780637644 0.952495992150264
0.447368421052632 0.429397086953511 -0.903673443234628 0.951518286756704
0.473684210526316 0.454424177323509 -0.892044159649647 0.950540581363144
0.5 0.479425538604203 -0.879756606963998 0.949562875969584
0.5 0.479425538604203 -0.879756606963998 0.949562875969584
0.526315789473684 0.504101747274369 -0.866814088781097 0.925828982963037
0.552631578947368 0.528153379812784 -0.853230414792819 0.90209508995649
0.578947368421053 0.551580436219448 -0.839022021213158 0.878361196949943
0.605263157894737 0.57438291649436 -0.824205344256109 0.854627303943396
0.631578947368421 0.596560820637521 -0.808796820135664 0.830893410936849
0.657894736842105 0.618114148648931 -0.792812885065816 0.807159517930301
0.684210526315789 0.639042900528589 -0.77626997526056 0.783425624923755
0.710526315789474 0.659347076276497 -0.759184526933888 0.759691731917208
0.736842105263158 0.679026675892653 -0.741572976299795 0.735957838910661
0.763157894736842 0.698081699377058 -0.723451759572273 0.712223945904114
0.789473684210526 0.716512146729712 -0.704837312965316 0.688490052897566
0.815789473684211 0.734318017950614 -0.685746072692917 0.664756159891019
0.842105263157895 0.751499313039765 -0.666194474969071 0.641022266884473
0.868421052631579 0.768056031997165 -0.646198956007769 0.617288373877925
0.894736842105263 0.783988174822814 -0.625775952023007 0.593554480871378
0.921052631578947 0.799295741516711 -0.604941899228777 0.569820587864831
0.947368421052632 0.813978732078858 -0.583713233839073 0.546086694858285
0.973684210526316 0.828037146509253 -0.562106392067888 0.522352801851738
1 0.841470984807897 -0.540137810129215 0.49861890884519
1 0.841470984807897 -0.540137810129215 0.49861890884519
1.02631578947368 0.854334126584636 -0.517823451608892 0.478979866186993
1.05263157894737 0.866680451449317 -0.49517738958013 0.459340823528796
1.07894736842105 0.878509959401941 -0.472213224487981 0.439701780870598
1.10526315789474 0.889822650442507 -0.448944556777502 0.420062738212401
1.13157894736842 0.900618524571015 -0.425384986893745 0.400423695554204
1.15789473684211 0.910897581787465 -0.401548115281765 0.380784652896006
1.18421052631579 0.920659822091857 -0.377447542386616 0.361145610237809
1.21052631578947 0.929905245484192 -0.353096868653352 0.341506567579612
1.23684210526316 0.938633851964468 -0.328509694527027 0.321867524921414
1.26315789473684 0.946845641532687 -0.303699620452696 0.302228482263217
1.28947368421053 0.954540614188848 -0.278680246875412 0.28258943960502
1.31578947368421 0.961718769932951 -0.253465174240231 0.262950396946823
1.34210526315789 0.968380108764996 -0.228068002992205 0.243311354288625
1.36842105263158 0.974524630684984 -0.202502333576389 0.223672311630428
1.39473684210526 0.980152335692914 -0.176781766437838 0.204033268972231
1.42105263157895 0.985263223788786 -0.150919902021605 0.184394226314033
1.44736842105263 0.9898572949726 -0.124930340772745 0.164755183655836
1.47368421052632 0.993934549244356 -0.0988266831363107 0.145116140997639
1.5 0.997494986604054 -0.0726225295573577 0.125477098339441
1.5 0.997494986604054 -0.0726225295573577 0.125477098339441
1.52631578947368 1.00037890994277 -0.0463328813327724 0.0937010754030005
1.55263157894737 1.00242662215158 -0.0199783431667725 0.06192505246656
1.57894736842105 1.00363812323048 0.00641907938459219 0.0301490295301192
1.60526315789474 1.00401341317948 0.0328373807652713 -0.00162699340632139
1.63157894736842 1.00355249199857 0.0592545554192148 -0.0334030163427622
1.65789473684211 1.00225535968776 0.0856485977903727 -0.065179039279203
1.68421052631579 1.00012201624704 0.111997502322694 -0.0969550622156436
1.71052631578947 0.997152461676408 0.13827926346013 -0.128731085152084
1.73684210526316 0.993346695975873 0.164471875646629 -0.160507108088525
1.76315789473684 0.988704719145433 0.190553333326141 -0.192283131024966
1.78947368421053 0.983226531185086 0.216501630942617 -0.224059153961407
1.81578947368421 0.976912132094833 0.242294762940007 -0.255835176897847
1.84210526315789 0.969761521874673 0.267910723762258 -0.287611199834288
1.86842105263158 0.961774700524607 0.293327507853323 -0.319387222770729
1.89473684210526 0.952951668044634 0.318523109657151 -0.35116324570717
1.92105263157895 0.943292424434756 0.343475523617691 -0.38293926864361
1.94736842105263 0.932796969694971 0.368162744178893 -0.414715291580051
1.97368421052632 0.921465303825279 0.392562765784708 -0.446491314516491
2 0.909297426825682 0.416653582879084 -0.478267337452932
2 0.909297426825682 0.416653582879084 -0.478267337452932
2.02631578947368 0.896512852532612 0.440415115465941 -0.493360308820355
2.05263157894737 0.883331094782505 0.463834985789072 -0.508453280187778
2.07894736842105 0.869752153575361 0.486902741652239 -0.523546251555201
2.10526315789474 0.855776028911179 0.509607930859205 -0.538639222922624
2.13157894736842 0.841402720789959 0.531940101213731 -0.553732194290047
2.15789473684211 0.826632229211703 0.55388880051958 -0.56882516565747
2.18421052631579 0.811464554176408 0.575443576580513 -0.583918137024893
2.21052631578947 0.795899695684077 0.596593977200294 -0.599011108392316
2.23684210526316 0.779937653734707 0.617329550182683 -0.614104079759739
2.26315789473684 0.763578428328301 0.637639843331445 -0.629197051127162
2.28947368421053 0.746822019464857 0.657514404450339 -0.644290022494585
2.31578947368421 0.729668427144375 0.67694278134313 -0.659382993862008
2.34210526315789 0.712117651366856 0.695914521813578 -0.674475965229431
2.36842105263158 0.6941696921323 0.714419173665446 -0.689568936596853
2.39473684210526 0.675824549440706 0.732446284702497 -0.704661907964277
2.42105263157895 0.657082223292075 0.749985402728492 -0.719754879331699
2.44736842105263 0.637942713686406 0.767026075547193 -0.734847850699122
2.47368421052632 0.6184060206237 0.783557850962364 -0.749940822066546
2.5 0.598472144103957 0.799570276777765 -0.765033793433968
2.5 0.598472144103957 0.799570276777765 -0.765033793433968
2.52631578947368 0.578132376023763 0.815052824410287 -0.780788580660727
2.55263157894737 0.557378008279708 0.829994659729333 -0.796543367887486
2.57894736842105 0.53620904087179 0.844384872217431 -0.812298155114245
2.60526315789474 0.514625473800011 0.858212551357113 -0.828052942341004
2.63157894736842 0.492627307064369 0.871466786630907 -0.843807729567763
2.65789473684211 0.470214540664865 0.884136667521344 -0.859562516794522
2.68421052631579 0.447387174601499 0.896211283510953 -0.875317304021281
2.71052631578947 0.424145208874272 0.907679724082266 -0.89107209124804
2.73684210526316 0.400488643483181 0.918531078717811 -0.906826878474799
2.76315789473684 0.376417478428229 0.928754436900119 -0.922581665701558
2.78947368421053 0.351931713709415 0.938338888111719 -0.938336452928317
2.81578947368421 0.327031349326739 0.947273521835142 -0.954091240155076
2.84210526315789 0.301716385280201 0.955547427552917 -0.969846027381835
2.86842105263158 0.275986821569801 0.963149694747575 -0.985600814608594
2.89473684210526 0.249842658195538 0.970069412901645 -1.00135560183535
2.92105263157895 0.223283895157413 0.976295671497657 -1.01711038906211
2.94736842105263 0.196310532455427 0.981817560018141 -1.03286517628887
2.97368421052632 0.168922570089578 0.986624167945628 -1.04861996351563
3 0.141120008059867 0.990704584762647 -1.06437475074239
3 0.141120008059867 0.990704584762647 -1.06437475074239
3.02631578947368 0.11322173661269 0.99405069723459 -1.05589387924308
3.05263157894737 0.0855466459944417 0.996665581258305 -1.04741300774378
3.07894736842105 0.0580947362051228 0.998555110013499 -1.03893213624447
3.10526315789474 0.0308660072447331 0.999725156679881 -1.03045126474516
3.13157894736842 0.00386045911327206 1.00018159443716 -1.02197039324585
3.15789473684211 -0.0229219081892594 0.999930296465044 -1.01348952174655
3.18421052631579 -0.0494810946628618 0.998977135943242 -1.00500865024724
3.21052631578947 -0.075817100307535 0.997327986051463 -0.996527778747934
3.23684210526316 -0.10192992512328 0.994988719969415 -0.988046907248627
3.26315789473684 -0.127819569110095 0.991965210876807 -0.979566035749321
3.28947368421053 -0.153486032267981 0.988263331953348 -0.971085164250014
3.31578947368421 -0.178929314596937 0.983888956378746 -0.962604292750707
3.34210526315789 -0.204149416096965 0.97884795733271 -0.9541234212514
3.36842105263158 -0.229146336768064 0.973146207994949 -0.945642549752093
3.39473684210526 -0.253920076610233 0.966789581545171 -0.937161678252787
3.42105263157895 -0.278470635623474 0.959783951163085 -0.92868080675348
3.44736842105263 -0.302798013807785 0.9521351900284 -0.920199935254173
3.47368421052632 -0.326902211163167 0.943849171320824 -0.911719063754866
3.5 -0.35078322768962 0.934931768220066 -0.903238192255559
3.5 -0.35078322768962 0.934931768220066 -0.903238192255559
3.52631578947368 -0.374426338487177 0.925388983071624 -0.893638228358828
3.55263157894737 -0.397816818655874 0.915227334884152 -0.884038264462098
3.57894736842105 -0.420954668195709 0.904453471832094 -0.874438300565367
3.60526315789474 -0.443839887106683 0.893074042089894 -0.864838336668636
3.63157894736842 -0.466472475388795 0.881095693831996 -0.855238372771905
3.65789473684211 -0.488852433042046 0.868525075232842 -0.845638408875174
3.68421052631579 -0.510979760066436 0.855368834466878 -0.836038444978444
3.71052631578947 -0.532854456461964 0.841633619708547 -0.826438481081713
3.73684210526316 -0.554476522228631 0.827326079132291 -0.816838517184982
3.76315789473684 -0.575845957366437 0.812452860912556 -0.807238553288251
3.78947368421053 -0.596962761875382 0.797020613223784 -0.79763858939152
3.81578947368421 -0.617826935755464 0.78103598424042 -0.78803862549479
3.84210526315789 -0.638438479006686 0.764505622136908 -0.778438661598059
3.86842105263158 -0.658797391629046 0.74743617508769 -0.768838697701328
3.89473684210526 -0.678903673622546 0.729834291267211 -0.759238733804597
3.92105263157895 -0.698757324987183 0.711706618849915 -0.749638769907867
3.94736842105263 -0.718358345722959 0.693059806010244 -0.740038806011136
3.97368421052632 -0.737706735829875 0.673900500922644 -0.730438842114405
4 -0.756802495307928 0.654235351761557 -0.720838878217674
4 -0.756802495307928 0.654235351761557 -0.720838878217674
4.02631578947368 -0.775384981530411 0.634073293040258 -0.691430074691007
4.05263157894737 -0.793193551870613 0.613432404627345 -0.662021271164341
4.07894736842105 -0.810228206328534 0.592333052730246 -0.632612467637674
4.10526315789474 -0.826488944904175 0.570795603556389 -0.603203664111006
4.13157894736842 -0.841975767597534 0.548840423313204 -0.573794860584339
4.15789473684211 -0.856688674408613 0.526487878208118 -0.544386057057672
4.18421052631579 -0.870627665337412 0.50375833444856 -0.514977253531005
4.21052631578947 -0.883792740383929 0.480672158241958 -0.485568450004338
4.23684210526316 -0.896183899548166 0.457249715795742 -0.456159646477672
4.26315789473684 -0.907801142830123 0.433511373317337 -0.426750842951004
4.28947368421053 -0.918644470229798 0.409477497014176 -0.397342039424337
4.31578947368421 -0.928713881747193 0.385168453093684 -0.36793323589767
4.34210526315789 -0.938009377382307 0.360604607763291 -0.338524432371003
4.36842105263158 -0.94653095713514 0.335806327230425 -0.309115628844336
4.39473684210526 -0.954278621005693 0.310793977702515 -0.279706825317669
4.42105263157895 -0.961252368993965 0.285587925386988 -0.250298021791003
4.44736842105263 -0.967452201099957 0.260208536491273 -0.220889218264335
4.47368421052632 -0.972878117323667 0.234676177222799 -0.191480414737668
4.5 -0.977530117665097 0.209011213788995 -0.162071611211001
4.5 -0.977530117665097 0.209011213788995 -0.162071611211001
4.52631578947368 -0.981519144418274 0.18323303921927 -0.141094422030483
4.55263157894737 -0.984956139877228 0.157357153830965 -0.120117232849966
4.57894736842105 -0.987841104041957 0.131398084763401 -0.0991400436694482
4.60526315789474 -0.990174036912462 0.105370359155899 -0.07816285448893
4.63157894736842 -0.991954938488743 0.0792885041477813 -0.0571856653084124
4.65789473684211 -0.993183808770799 0.0531670468783705 -0.0362084761278948
4.68421052631579 -0.993860647758632 0.0270205144869873 -0.0152312869473772
4.71052631578947 -0.99398545545224 0.000863434112953421 0.00574590223314039
4.73684210526316 -0.993558231851624 -0.0252896671044092 0.026723091413658
4.76315789473684 -0.992578976956785 -0.0514242620257798 0.0477002805941762
4.78947368421053 -0.99104769076772 -0.077525823511835 0.0686774697746938
4.81578947368421 -0.988964373284432 -0.103579824423254 0.0896546589552114
4.84210526315789 -0.98632902450692 -0.129571737620715 0.110631848135729
4.86842105263158 -0.983141644435183 -0.155487035964897 0.131609037316247
4.89473684210526 -0.979402233069223 -0.181311192316477 0.152586226496764
4.92105263157895 -0.975110790409038 -0.207029679536134 0.173563415677282
4.94736842105263 -0.970267316454629 -0.232627970484548 0.1945406048578
4.97368421052632 -0.964871811205996 -0.258091538022394 0.215517794038318
5 -0.958924274663138 -0.283405855010352 0.236494983218835
5 -0.958924274663138 -0.283405855010352 0.236494983218835
5.02631578947368 -0.952326383255764 -0.308555531821642 0.264944763741641
5.05263157894737 -0.944979813413578 -0.333521728879648 0.293394544264447
5.07894736842105 -0.936884565136582 -0.358284744120297 0.321844324787253
5.10526315789474 -0.928040638424775 -0.382824875479514 0.35029410531006
5.13157894736842 -0.918448033278158 -0.407122420893226 0.378743885832866
5.15789473684211 -0.90810674969673 -0.431157678297358 0.407193666355672
5.18421052631579 -0.897016787680491 -0.454910945627836 0.435643446878478
5.21052631578947 -0.885178147229442 -0.478362520820587 0.464093227401284
5.23684210526316 -0.872590828343582 -0.501492701811536 0.49254300792409
5.26315789473684 -0.85925483102291 -0.524281786536611 0.520992788446897
5.28947368421053 -0.845170155267429 -0.546710072931735 0.549442568969702
5.31578947368421 -0.830336801077137 -0.568757858932836 0.577892349492508
5.34210526315789 -0.814754768452034 -0.59040544247584 0.606342130015314
5.36842105263158 -0.79842405739212 -0.611633121496673 0.63479191053812
5.39473684210526 -0.781344667897396 -0.63242119393126 0.663241691060926
5.42105263157895 -0.763516599967861 -0.652749957715528 0.691691471583732
5.44736842105263 -0.744939853603515 -0.672599710785404 0.720141252106539
5.47368421052632 -0.725614428804359 -0.691950751076812 0.748591032629345
5.5 -0.705540325570392 -0.710783376525679 0.777040813152151
5.5 -0.705540325570392 -0.710783376525679 0.777040813152151
5.52631578947368 -0.684987715748395 -0.729080254996411 0.784957533319601
5.55263157894737 -0.66422677118515 -0.746833534067338 0.792874253487052
5.57894736842105 -0.643257491880656 -0.764037731245268 0.800790973654503
5.60526315789474 -0.622079877834912 -0.780687364037011 0.808707693821954
5.63157894736842 -0.600693929047921 -0.796776949949375 0.816624413989404
5.65789473684211 -0.579099645519681 -0.812301006489171 0.824541134156855
5.68421052631579 -0.557297027250192 -0.827254051163207 0.832457854324305
5.71052631578947 -0.535286074239455 -0.841630601478293 0.840374574491756
5.73684210526316 -0.513066786487468 -0.855425174941237 0.848291294659207
5.76315789473684 -0.490639163994233 -0.868632289058851 0.856208014826658
5.78947368421053 -0.468003206759749 -0.881246461337941 0.864124734994108
5.81578947368421 -0.445158914784017 -0.893262209285318 0.872041455161559
5.84210526315789 -0.422106288067036 -0.90467405040779 0.879958175329009
5.86842105263158 -0.398845326608806 -0.915476502212168 0.88787489549646
5.89473684210526 -0.375376030409327 -0.92566408220526 0.895791615663911
5.92105263157895 -0.3516983994686 -0.935231307893876 0.903708335831361
5.94736842105263 -0.327812433786624 -0.944172696784825 0.911625055998812
5.97368421052632 -0.303718133363399 -0.952482766384916 0.919541776166263
6 -0.279415498198926 -0.960156034200958 0.927458496333713
6 -0.279415498198926 -0.960156034200958 0.927458496333713
6.02631578947368 -0.254923359824161 -0.967187182928628 0.933944020148426
6.05263157894737 -0.230260549770062 -0.973571556019077 0.940429543963138
6.07894736842105 -0.205427068036628 -0.979304662112322 0.946915067777851
6.10526315789474 -0.180422914623858 -0.984382009848379 0.953400591592564
6.13157894736842 -0.155248089531755 -0.988799107867267 0.959886115407276
6.15789473684211 -0.129902592760318 -0.992551464809004 0.966371639221989
6.18421052631579 -0.104386424309546 -0.995634589313606 0.972857163036701
6.21052631578947 -0.078699584179439 -0.998043990021091 0.979342686851414
6.23684210526316 -0.0528420723699978 -0.999775175571477 0.985828210666126
6.26315789473684 -0.0268138888812212 -1.00082365460478 0.992313734480839
6.28947368421053 -0.000615033713110967 -1.00118493576102 0.998799258295552
6.31578947368421 0.0257544931343338 -1.00085452768021 1.00528478211026
6.34210526315789 0.0522946916611132 -0.999827939002377 1.01177030592498
6.36842105263158 0.0790055618672271 -0.998100678367529 1.01825582973969
6.39473684210526 0.105887103752676 -0.995668254415687 1.0247413535544
6.42105263157895 0.132939317317458 -0.992526175786868 1.03122687736911
6.44736842105263 0.160162202561577 -0.98866995112109 1.03771240118383
6.47368421052632 0.187555759485029 -0.98409508905837 1.04419792499854
6.5 0.215119988087816 -0.978797098238726 1.05068344881325
6.5 0.215119988087816 -0.978797098238726 1.05068344881325
6.52631578947368 0.242538319528121 -0.97277426422184 1.03310974064996
6.55263157894737 0.269494184964129 -0.966035980246055 1.01553603248666
6.57894736842105 0.295987584395839 -0.95859441646938 0.997962324323367
6.60526315789474 0.322018517823254 -0.95046174304982 0.980388616160071
6.63157894736842 0.34758698524637 -0.941650130145386 0.962814907996776
6.65789473684211 0.372692986665189 -0.932171747914084 0.945241199833481
6.68421052631579 0.397336522079711 -0.922038766513923 0.927667491670185
6.71052631578947 0.421517591489936 -0.911263356102909 0.91009378350689
6.73684210526316 0.445236194895863 -0.899857686839052 0.892520075343595
6.76315789473684 0.468492332297494 -0.887833928880358 0.874946367180299
6.78947368421053 0.491286003694827 -0.875204252384835 0.857372659017004
6.81578947368421 0.513617209087862 -0.861980827510492 0.839798950853709
6.84210526315789 0.5354859484766 -0.848175824415336 0.822225242690414
6.86842105263158 0.556892221861042 -0.833801413257376 0.804651534527118
6.89473684210526 0.577836029241185 -0.818869764194618 0.787077826363823
6.92105263157895 0.598317370617032 -0.80339304738507 0.769504118200528
6.94736842105263 0.618336245988582 -0.787383432986741 0.751930410037232
6.97368421052632 0.637892655355834 -0.770853091157638 0.734356701873937
7 0.656986598718789 -0.75381419205577 0.716782993710642
7 0.656986598718789 -0.75381419205577 0.716782993710642
7.02631578947368 0.675634965260206 -0.736278757688418 0.70049286343709
7.05263157894737 0.693854644162846 -0.718258217459959 0.684202733163539
7.07894736842105 0.711645635426708 -0.699763852624047 0.667912602889987
7.10526315789474 0.729007939051793 -0.680806944434332 0.651622472616435
7.13157894736842 0.7459415550381 -0.661398774144468 0.635332342342883
7.15789473684211 0.762446483385629 -0.641550623008106 0.619042212069331
7.18421052631579 0.778522724094381 -0.621273772278898 0.602752081795779
7.21052631578947 0.794170277164354 -0.600579503210496 0.586461951522228
7.23684210526316 0.80938914259555 -0.579479097056553 0.570171821248676
7.26315789473684 0.824179320387969 -0.557983835070719 0.553881690975124
7.28947368421053 0.83854081054161 -0.536104998506648 0.537591560701572
7.31578947368421 0.852473613056473 -0.513853868617992 0.52130143042802
7.34210526315789 0.865977727932558 -0.491241726658402 0.505011300154468
7.36842105263158 0.879053155169865 -0.468279853881531 0.488721169880917
7.39473684210526 0.891699894768395 -0.444979531541031 0.472431039607365
7.42105263157895 0.903917946728148 -0.421352040890553 0.456140909333813
7.44736842105263 0.915707311049123 -0.397408663183748 0.439850779060261
7.47368421052632 0.92706798773132 -0.373160679674272 0.423560648786709
7.5 0.937999976774739 -0.348619371615774 0.407270518513157
7.5 0.937999976774739 -0.348619371615774 0.407270518513157
7.52631578947368 0.948295802083512 -0.32379784022766 0.375212204953592
7.55263157894737 0.95774798756177 -0.298716466592348 0.343153891394027
7.57894736842105 0.966356533209513 -0.27339745175801 0.311095577834462
7.60526315789474 0.974121439026742 -0.247862996772816 0.279037264274895
7.63157894736842 0.981042705013455 -0.22213530268494 0.24697895071533
7.65789473684211 0.987120331169654 -0.196236570542552 0.214920637155765
7.68421052631579 0.992354317495338 -0.170189001393823 0.182862323596199
7.71052631578947 0.996744663990506 -0.144014796286924 0.150804010036634
7.73684210526316 1.00029137065516 -0.117736156270029 0.118745696477069
7.76315789473684 1.0029944374893 -0.0913752823913059 0.0866873829175026
7.78947368421053 1.00485386449292 -0.0649543756989293 0.0546290693579374
7.81578947368421 1.00586965166603 -0.0384956372410692 0.0225707557983721
7.84210526315789 1.00604179900863 -0.0120212680658971 -0.00948755776119314
7.86842105263158 1.00537030652071 0.0144465307784152 -0.0415458713207584
7.89473684210526 1.00385517420227 0.0408855582436967 -0.0736041848803237
7.92105263157895 1.00149640205332 0.0672736132817755 -0.105662498439889
7.94736842105263 0.998293990073856 0.0935884948444816 -0.137720811999455
7.97368421052632 0.994247938263877 0.119808001883641 -0.169779125559021
8 0.989358246623382 0.145909933351084 -0.201837439118586
8 0.989358246623382 0.145909933351084 -0.201837439118586
8.02631578947368 0.983797559404359 0.171873602621903 -0.220774789527133
8.05263157894737 0.977738520858796 0.197684380764239 -0.23971213993568
8.07894736842105 0.971181130986692 0.223329153269501 -0.258649490344227
8.10526315789474 0.964125389788047 0.248794805629095 -0.277586840752774
8.13157894736842 0.956571297262861 0.274068223334428 -0.296524191161321
8.1578947368421 0.948518853411136 0.299136291876907 -0.315461541569868
8.18421052631579 0.939968058232869 0.323985896747939 -0.334398891978415
8.21052631578947 0.930918911728061 0.348603923438932 -0.353336242386963
8.23684210526316 0.921371413896713 0.372977257441288 -0.372273592795509
8.26315789473684 0.911325564738823 0.39709278424642 -0.391210943204057
8.28947368421053 0.900781364254394 0.42093738934573 -0.410148293612603
8.31578947368421 0.889738812443423 0.444497958230629 -0.429085644021151
8.34210526315789 0.878197909305913 0.46776137639252 -0.448022994429697
8.36842105263158 0.86615865484186 0.490714529322812 -0.466960344838245
8.39473684210526 0.853621049051268 0.513344302512912 -0.485897695246792
8.42105263157895 0.840585091934135 0.535637581454225 -0.504835045655339
8.44736842105263 0.82705078349046 0.55758125163816 -0.523772396063886
8.47368421052632 0.813018123720246 0.579162198556121 -0.542709746472433
8.5 0.79848711262349 0.600367307699519 -0.56164709688098
8.5 0.79848711262349 0.600367307699519 -0.56164709688098
8.52631578947368 0.783414557223738 0.621183085673999 -0.58386711350019
8.55263157894737 0.767757264544533 0.641594523542176 -0.606087130119398
8.57894736842105 0.751515234585875 0.661586233480909 -0.628307146738608
8.60526315789474 0.734688467347764 0.681142827667051 -0.650527163357816
8.63157894736842 0.7172769628302 0.700248918277463 -0.672747179977026
8.6578947368421 0.699280721033184 0.718889117488996 -0.694967196596235
8.68421052631579 0.680699741956714 0.737048037478512 -0.717187213215444
8.71052631578947 0.661534025600791 0.754710290422864 -0.739407229834654
8.73684210526316 0.641783571965417 0.771860488498909 -0.761627246453862
8.76315789473684 0.621448381050588 0.788483243883505 -0.783847263073072
8.78947368421053 0.600528452856308 0.804563168753506 -0.806067279692281
8.81578947368421 0.579023787382574 0.820084875285771 -0.82828729631149
8.84210526315789 0.556934384629388 0.835032975657155 -0.850507312930699
8.86842105263158 0.534260244596748 0.849392082044516 -0.872727329549908
8.89473684210526 0.511001367284655 0.863146806624709 -0.894947346169118
8.92105263157895 0.48715775269311 0.87628176157459 -0.917167362788326
8.94736842105263 0.462729400822111 0.888781559071018 -0.939387379407536
8.97368421052632 0.437716311671661 0.900630811290846 -0.961607396026744
9 0.412118485241757 0.911814130410934 -0.983827412645954
9 0.412118485241757 0.911814130410934 -0.983827412645954
9.02631578947368 0.386241154716778 0.922318806092211 -0.982849707252394
9.05263157894737 0.360389553281105 0.932142837931899 -0.981872001858834
9.07894736842105 0.334563680934734 0.941286903011298 -0.980894296465273
9.10526315789474 0.308763537677669 0.949751678411703 -0.979916591071713
9.13157894736842 0.282989123509907 0.957537841214414 -0.978938885678153
9.1578947368421 0.257240438431451 0.964646068500727 -0.977961180284593
9.18421052631579 0.231517482442297 0.971077037351941 -0.976983474891033
9.21052631578947 0.205820255542448 0.976831424849351 -0.976005769497472
9.23684210526316 0.180148757731904 0.981909908074256 -0.975028064103912
9.26315789473684 0.154502989010663 0.986313164107954 -0.974050358710352
9.28947368421053 0.128882949378728 0.990041870031741 -0.973072653316791
9.31578947368421 0.103288638836096 0.993096702926916 -0.972094947923231
9.34210526315789 0.077720057382769 0.995478339874775 -0.971117242529671
9.36842105263158 0.0521772050187448 0.997187457956617 -0.970139537136111
9.39473684210526 0.0266600817440248 0.998224734253738 -0.96916183174255
9.42105263157895 0.00116868755861084 0.998590845847437 -0.96818412634899
9.44736842105263 -0.0242969775375006 0.99828646981901 -0.96720642095543
9.47368421052632 -0.0497369135443062 0.997312283249755 -0.96622871556187
9.5 -0.0751511204618093 0.99566896322097 -0.965251010168309
