circular
0 1 0
0.01 1 0
0.03 1 0
0.07 1 0
0.15 1 0
0.275 1 0
0.4 1 0
0.525 1 0
0.65 1 0
0.775 1 0
0.9 1 0
1.025 1 0
1.15 1 0
1.275 1 0
1.4 1 0
1.525 1 0
1.65 1 0
1.775 1 0
1.9 1 0
2.025 1 0
2.15 1 0
2.275 1 0
2.4 1 0
2.525 1 0
2.65 1 0
2.775 1 0
2.9 1 0
3.025 1 0
3.15 1 0
3.275 1 0
3.4 1 0
3.525 1 0
3.65 1 0
3.775 1 0
3.9 1 0
4.025 1 0
4.15 1 0
4.275 1 0
4.4 1 0
4.525 1 0
4.65 1 0
4.775 1 0
4.9 1 0
5.025 1 0
5.15 1 0
5.275 1 0
5.4 1 0
5.525 1 0
5.65 1 0
5.775 1 0
5.9 1 0
6.025 1 0
6.15 1 0
6.275 1 0
6.4 1 0
6.525 1 0
6.65 1 0
6.775 1 0
6.9 1 0
7.025 1 0
7.15 1 0
7.275 1 0
7.4 1 0
7.525 1 0
7.65 1 0
7.775 1 0
7.9 1 0
8.025 1 0
8.15 1 0
8.275 1 0
8.4 1 0
8.525 1 0
8.65 1 0
8.775 1 0
8.9 1 0
9.025 1 0
9.15 1 0
9.275 1 0
9.4 1 0
9.525 1 0
9.65 1 0
9.775 1 0
9.9 1 0
10.025 1 0
10.15 1 0
10.275 1 0
10.4 1 0
10.525 1 0
10.65 1 0
10.775 1 0
10.9 1 0
11.025 1 0
11.15 1 0
11.275 1 0
11.4 1 0
11.525 1 0
11.65 1 0
11.775 1 0
11.9 1 0
12.025 1 0
12.15 1 0
12.275 1 0
12.4 1 0
12.525 1 0
12.65 1 0
12.775 1 0
12.9 1 0
13.025 1 0
13.15 1 0
13.275 1 0
13.4 1 0
13.525 1 0
13.65 1 0
13.775 1 0
13.9 1 0
14.025 1 0
14.15 1 0
14.275 1 0
14.4 1 0
14.525 1 0
14.65 1 0
14.775 1 0
14.9 1 0
15.025 1 0
15.15 1 0
15.275 1 0
15.4 1 0
15.525 1 0
15.65 1 0
15.775 1 0
15.9 1 0
16.025 1 0
16.15 1 0
16.275 1 0
16.4 1 0
16.525 1 0
16.65 1 0
16.775 1 0
16.9 1 0
17.025 1 0
17.15 1 0
17.275 1 0
17.4 1 0
17.525 1 0
17.65 1 0
17.775 1 0
17.9 1 0
18.025 1 0
18.15 1 0
18.275 1 0
18.4 1 0
18.525 1 0
18.65 1 0
18.775 1 0
18.9 1 0
19.025 1 0
19.15 1 0
19.275 1 0
19.4 1 0
19.525 1 0
19.65 1 0
19.775 1 0
19.9 1 0
20.025 1 0
20.15 1 0
20.275 1 0
20.4 1 0
20.525 1 0
20.65 1 0
20.775 1 0
20.9 1 0
21.025 1 0
21.15 1 0
21.275 1 0
21.4 1 0
21.525 1 0
21.65 1 0
21.775 1 0
21.9 1 0
22.025 1 0
22.15 1 0
22.275 1 0
22.4 1 0
22.525 1 0
22.65 1 0
22.775 1 0
22.9 1 0
23.025 1 0
23.15 1 0
23.275 1 0
23.4 1 0
23.525 1 0
23.65 1 0
23.775 1 0
23.9 1 0
24.025 1 0
24.15 1 0
24.275 1 0
24.4 1 0
24.525 1 0
24.65 1 0
24.775 1 0
24.9 1 0
25.025 1 0
25.15 1 0
25.275 1 0
25.4 1 0
25.525 1 0
25.65 1 0
25.775 1 0
25.9 1 0
26.025 1 0
26.15 1 0
26.275 1 0
26.4 1 0
26.525 1 0
26.65 1 0
26.775 1 0
26.9 1 0
27.025 1 0
27.15 1 0
27.275 1 0
27.4 1 0
27.525 1 0
27.65 1 0
27.775 1 0
27.9 1 0
28.025 1 0
28.15 1 0
28.275 1 0
28.4 1 0
28.525 1 0
28.65 1 0
28.775 1 0
28.9 1 0
29.025 1 0
29.15 1 0
29.275 1 0
29.4 1 0
29.525 1 0
29.65 1 0
29.775 1 0
29.9 1 0
30.025 1 0
30.15 1 0
30.275 1 0
30.4 1 0
30.525 1 0
30.65 1 0
30.775 1 0
30.9 1 0
31.025 1 0
31.15 1 0
31.275 1 0
31.4 1 0
31.4159265358979 1 0
