elliptical
0 1 -0.5
0.01 0.99500008363293 -0.49997500020885
0.0278867120003327 0.986058451984758 -0.499805595435389
0.0575943307643447 0.971218754250633 -0.499170952541398
0.103663923899932 0.948260824135258 -0.497315852955038
0.169864376459985 0.915475665543546 -0.492803852190108
0.254908833729105 0.87392141279108 -0.48384314574812
0.350081198154952 0.828512969096783 -0.469672437112121
0.447853065140585 0.783484346197851 -0.450689440487264
0.545604190274996 0.740532686228829 -0.427406964554066
0.642717895119443 0.700313392755395 -0.400234853364791
0.739055189718212 0.663205067108543 -0.369552667043605
0.834583090730657 0.629491702904821 -0.335743357999455
0.929298803094081 0.599399743956292 -0.299197987323186
1.0232160665653 0.573106619349714 -0.26031143349553
1.11636458956905 0.550744707385456 -0.219475928039959
1.20879242761576 0.532405500512231 -0.177074518351738
1.30056888950198 0.518144906097928 -0.133475351815072
1.39178690308864 0.5079897301408 -0.0890274983825456
1.48256382129043 0.501944984255769 -0.0440590791479878
1.57303960770638 0.500001256762158 0.00112159193806326
1.66337168963856 0.502141013819589 0.0462215440043456
1.7537266597601 0.508342562468355 0.090955843207872
1.84427015016441 0.518580731041859 0.13503884187522
1.93515693746724 0.532824077959723 0.17817592220761
2.02652319317745 0.551029291463298 0.220057502304028
2.11848190541541 0.573133987259751 0.260356310994554
2.21112145517211 0.599049183626247 0.298728044262889
2.30450662360642 0.628652454793979 0.334814877704761
2.39868107644532 0.661782366025808 0.368251047285431
2.49367048249832 0.698234451439344 0.398669732444815
2.58948567891858 0.737758774774461 0.425710631508698
2.68612555137608 0.780059003308043 0.449027794348599
2.78357948858616 0.824792887009645 0.46829741599988
2.88182939011029 0.871574032654848 0.483225385666653
2.98085126680963 0.919974870527402 0.493554435980987
3.08061649682858 0.969530717783286 0.499070762180153
3.18109280304617 1.01974484315085 0.499609992098778
3.28224501098351 1.07009443188685 0.495062393930556
3.38403563714476 1.1200373400943 0.485377214642456
3.4864253464287 1.16901951383347 0.470566050320923
3.58937331010784 1.21648293531957 0.450705161675698
3.69283748772514 1.26187394462026 0.425936663675495
3.79677485093428 1.30465177382681 0.396468537641246
3.90114156314029 1.34429712189246 0.362573436430523
4.00589312578423 1.38032059301646 0.324586277899062
4.11098449851029 1.41227081962751 0.282900648445062
4.21637019994128 1.43974209453804 0.237964065020844
4.32200439365582 1.46238134397025 0.190272170978012
4.42784096277131 1.47989428511091 0.140361966981696
4.53383357619955 1.49205062822943 0.088804201913955
4.63993574899684 1.49868820349105 0.0361950698616719
4.7461008980481 1.49971591615966 -0.0168526225544968
4.85228239556474 1.49511546045534 -0.0697186412353227
4.9584336208557 1.48494175064872 -0.1217846745767
5.06450801209281 1.46932205784789 -0.172443657075085
5.17045911923587 1.44845387097197 -0.221108875485464
5.27624065910146 1.42260153011293 -0.26722267177275
5.38180657435772 1.39209170864258 -0.310264567627858
5.48711109753374 1.35730784668467 -0.349758649570921
5.59210882245574 1.31868366152771 -0.385280072750801
5.69675478483543 1.27669588050917 -0.416460563095794
5.80100455541136 1.23185635719211 -0.442992822565297
5.90481434897353 1.18470374315712 -0.464633768441571
6.00814115398433 1.1357948942996 -0.481206565291064
6.11094288883462 1.08569619259651 -0.492601435891397
6.21317859232717 1.03497496205166 -0.498775264376199
6.31480865874041 0.98419115084216 -0.499750030368817
6.41579512983908 0.933889442090563 -0.495610136018351
6.51610206132164 0.884591942022553 -0.486498708277192
6.61569598522166 0.836791579532529 -0.472612975577861
6.71454649617992 0.790946334723633 -0.454198831360668
6.81262699772837 0.747474397270024 -0.431544706263474
6.90991565324495 0.706750340437975 -0.404974876817021
7.00639659516622 0.669102384131024 -0.374842342367657
7.10206145435279 0.634810811240581 -0.341521405407789
7.19691127148679 0.604107597980343 -0.305400098341732
7.29095883720388 0.577177318902635 -0.266872618465531
7.38423145936223 0.554159387429276 -0.22633197388133
7.47677405109432 0.535151681253775 -0.184163120217866
7.56865224598282 0.520215555582044 -0.14073699316909
7.65995496925947 0.509382128416249 -0.096406008573468
7.7507955879065 0.502659488934867 -0.0515017524834554
7.84131059658967 0.500040126778223 -0.00633558746057437
7.93165503886337 0.501507498107329 0.0387974238857849
8.02199466710941 0.507040454460075 0.0836116083291241
8.11249598636003 0.516614501572 0.127822042467934
8.20331617420434 0.53019955618855 0.171136079405924
8.2945948772419 0.547754734964603 0.213246887403638
8.38644908500492 0.569221324745783 0.253830155305342
8.4789712229038 0.594515231858552 0.292544214901305
8.57222982305909 0.623519971377266 0.329033133584464
8.66627182878875 0.656080864959254 0.36293200960222
8.76112565636787 0.692000756971222 0.393873687164304
8.85680438167129 0.731037317044318 0.421496251991938
8.95330868122722 0.772901871318633 0.445450845042467
9.05062936079965 0.817259657484059 0.465409478594307
9.14874943527154 0.863731392515321 0.481072637266475
9.24764579228247 0.911896049308766 0.492176502653991
9.34729050037388 0.961294745566736 0.498499668372023
9.44765182807504 1.01143565000701 0.499869225106109
9.5486950345362 1.06179980620352 0.496166101703553
9.65038298264292 1.11184776472435 0.487329554095928
9.75267661580961 1.16102690174265 0.47336070172972
9.85553533055547 1.20877928834831 0.454325022484883
9.95891726958965 1.25454996123997 0.43035373219936
10.0627795541087 1.29779543344694 0.401643993733862
10.167078470089 1.33799227463688 0.368457922267204
10.2717696192673 1.37464558425507 0.331120377984193
10.3768080433099 1.40729717884907 0.290015563293543
10.4821483273738 1.43553331703105 0.245582468731836
10.5877446881673 1.45899179238567 0.198309238474678
10.6935510503428 1.47736823575381 0.148726552406905
10.7995211138762 1.49042148382131 0.0974001461232021
10.9056084152093 1.49797789066587 0.0449226115747116
11.0117663837414 1.49993448183979 -0.00809536020910962
11.1179483955182 1.49626087666941 -0.0610341186878795
11.2241078250364 1.48699993262712 -0.113274389623327
11.3301980972227 1.47226709520389 -0.164206616418267
11.4361727398273 1.452248466879 -0.213240115021446
11.5419854382367 1.42719763848909 -0.259811855915068
11.6475900935569 1.39743135493378 -0.303394695520155
11.752940885813 1.36332411356677 -0.343504893701849
11.8579923439247 1.3253018174069 -0.379708771851548
11.9626994246681 1.2838346255722 -0.411628387600433
12.0670176034545 1.23942915962142 -0.438946126520225
12.1709029804587 1.1926202364666 -0.461408137409241
12.274312406544 1.14396230597553 -0.478826565166277
12.3772036345492 1.09402077430576 -0.491080562965738
12.4795355035794 1.04336339219251 -0.498116092693306
12.5812681657817 0.992551881755277 -0.499944548285978
12.6823633681147 0.942133965794695 -0.496640260289137
12.7827848050221 0.892635951097897 -0.488336960787245
12.8824985631469 0.844556002128979 -0.475223305395046
12.981473685139 0.798358225282913 -0.457537562758601
13.0796828867156 0.754467667529926 -0.43556159211273
13.1771034701557 0.713266317608197 -0.409614236013027
13.2737184869599 0.675090184687992 -0.380044259280496
13.3695182099296 0.640227520227999 -0.347222968736483
13.4645019777128 0.608918243811241 -0.311536654831357
13.5586804623434 0.58135463363192 -0.273379012802226
13.6520783697094 0.557683342665179 -0.233143737101393
13.7447374887935 0.538008793442449 -0.191217553173554
13.8367198332508 0.522397965914852 -0.147974067591052
13.9281103552415 0.510886489005326 -0.103768979276101
14.0190184007445 0.50348573444699 -0.0589373552993451
14.1095768707218 0.500190274969202 -0.0137937144198783
14.1999382087818 0.500984679761784 0.0313645979344736
14.2902670513641 0.505848379928685 0.0762509295663552
14.3807304972737 0.514757496278183 0.12058084634392
14.4714878989417 0.527683159309572 0.16406349371931
14.5626822382288 0.544586719703806 0.206394699918336
14.654434455909 0.565412927524119 0.247253118325859
14.74684104213 0.590082384787816 0.286299802467657
14.8399743447803 0.618484388826368 0.323180857515584
14.9338846695604 0.650470900970602 0.357532428258316
15.028603267715 0.685852002544798 0.38898722874014
15.124145534335 0.724392937541013 0.417181945519857
15.2205140056844 0.765812698166266 0.441765023894013
15.3177009611494 0.809784052778255 0.462404500675449
15.4156905760357 0.855934904357034 0.478795652863784
15.5144606502095 0.90385087450943 0.49066829409332
15.6139839702881 0.953079015332937 0.497793582272758
15.7142293719092 1.00313255437762 0.499990216570321
15.8151625643474 1.05349657433374 0.497129908899242
15.9167467698015 1.10363451981652 0.489142020613815
16.0189432203941 1.15299541175405 0.47601726257064
16.121711545776 1.20102163562602 0.457810367470146
16.2250100780818 1.24715715684069 0.434641657758642
16.3287960931637 1.2908560033908 0.406697450723918
16.4330260036045 1.33159084671414 0.374229263712229
16.537655514846 1.36886150480672 0.337551806447076
16.6426397533316 1.40220318899787 0.297039773186987
16.7479333731342 1.43119431714571 0.253123474408232
16.8534906462328 1.45546372209585 0.206283374603937
16.9592655406196 1.4746970947476 0.157043628894463
17.065211788974 1.4886425157788 0.105964735981166
17.1712829507327 1.49711494918965 0.0536354468077566
17.2774324692455 1.49999959321599 0.000664087562872409
17.3836137257013 1.49725400983352 -0.0523305293329525
17.4897800913387 1.48890898194122 -0.104728421834087
17.5958849791288 1.47506807671393 -0.155917791848598
17.7018818961345 1.4559059237249 -0.205304224023163
17.8077244978926 1.43166524629785 -0.252319541820816
17.9133666456895 1.40265271348345 -0.296430141384414
18.0187624689302 1.36923370672325 -0.337144637447274
18.1238664338084 1.3318261197165 -0.374020672354524
18.2286334205572 1.29089333079193 -0.406670760567005
18.3330188121921 1.2469365039865 -0.434767064888874
18.4369785977307 1.20048638798233 -0.458045026442603
18.5404694944944 1.15209478999436 -0.476305797949791
18.6434490947217 1.10232590552466 -0.489417457430733
18.745876044014 1.05174768367941 -0.497315006886301
18.8477102600888 1.00092340313964 -0.499999186412748
18.9489132045134 0.950403624228316 -0.497534158453553
19.0494482225135 0.900718670909223 -0.490044138039821
19.1492809707907 0.852371781849796 -0.477709063069519
19.2483799593982 0.805833053409164 -0.460759413109012
19.3467172408865 0.761534280885101 -0.439470295802086
19.4442692879456 0.719864788829706 -0.414154927172143
19.5410181111219 0.681168327135707 -0.385157636241331
19.6369526753132 0.645741100067412 -0.352846527995742
19.7320706787647 0.613830989290955 -0.317605944179275
19.8263807485821 0.585638031437826 -0.279828875772881
19.919905072274 0.561316211426679 -0.23990951301505
20.0126824013003 0.540976627179375 -0.198236182547281
20.1047712051632 0.524692049883178 -0.155185029842554
20.1962525048917 0.512502813936073 -0.111114961045903
20.2872316047969 0.504423778999698 -0.0663645252993016
20.3778377033438 0.500451788846694 -0.0212514898014195
20.468220441968 0.500572660773747 0.0239243382785839
20.558543071563 0.504766456322719 0.0688750926551089
20.6489730021579 0.513009864697306 0.11331658895884
20.7396715230531 0.525275097224247 0.156959574245022
20.830784796358 0.541525549896489 0.199502430855468
20.9224376497444 0.561709227963754 0.240626766013327
21.0147306488504 0.58575123272115 0.279996428994753
21.1077400164381 0.613546478762049 0.317259700312394
21.2015195034958 0.644953443219231 0.352053950590763
21.2961032843262 0.679789364041165 0.384011966387241
21.391509155098 0.717827021269618 0.412769247763025
21.4877415828312 0.758793074241149 0.437971758129709
21.5847943790218 0.802367859195126 0.45928376742248
21.6826529264701 0.848186535771413 0.47639554399129
21.7812959741559 0.895841475556194 0.489030719092475
21.8806970554769 0.944885794427882 0.49695318387648
21.9808255956018 0.99483793370437 0.499973395190838
22.0816477712389 1.04518719262795 0.497953974451015
22.1831271773828 1.09540010660235 0.490814489340968
22.2852253452165 1.14492755362101 0.478535315040605
22.3879021458812 1.19321245763744 0.46116048185072
22.4911161075617 1.23969794413824 0.438799429881781
22.5948246658853 1.28383579004081 0.411627609224053
22.6989843642677 1.32509500045092 0.379885884671752
22.8035510153646 1.36297033684114 0.343878728018188
22.9084798333172 1.39699061841927 0.303971206245777
23.0137255435101 1.42672661886789 0.260584800838036
23.1192424753213 1.45179838601881 0.214192120340465
23.2249846419606 1.47188182169601 0.16531059473536
23.330905810495 1.4867143731123 0.114495265160033
23.436959564919 1.49609970556538 0.0623308048999139
23.5430993639387 1.49991124802896 0.0094229274485532
23.6492785953525 1.49809452848086 -0.0436106470059376
23.7554506285083 1.49066824330573 -0.0961494836864194
23.8615688659175 1.47772403435154 -0.147579793908799
23.9675867954566 1.45942497726244 -0.197303672537874
24.073458044298 1.43600281467698 -0.244748023242258
24.1791364356249 1.40775399700921 -0.289372990381052
24.2845760500935 1.37503462063647 -0.330679729205941
24.3897312932115 1.33825437824423 -0.368217362326078
24.4945569711807 1.29786965731935 -0.40158899125182
24.5990083773341 1.25437594070861 -0.430456654903233
24.7030413928694 1.20829967630305 -0.454545153002201
24.8066126055135 1.16018979220634 -0.47364467908953
24.9096794518613 1.11060903772041 -0.487612235910038
25.0122003898016 1.06012533066059 -0.496371833116138
25.1141351100081 1.00930328680286 -0.49991349371819
25.2154447979341 0.958696098965519 -0.498291120069123
25.3160924612049 0.908837921540588 -0.491619291982525
25.4160433411214 0.860236902334138 -0.480069088290029
25.5152654338592 0.813368987005705 -0.463863038165469
25.6137301526015 0.768672605494871 -0.443269319838174
25.7114131708573 0.726544333487169 -0.418595331992477
25.8082954965058 0.687335607884955 -0.390180767795772
25.9043648348271 0.651350564500695 -0.358390324794582
25.9996173034014 0.618845059963207 -0.323606189029234
26.0940595562583 0.590026938034321 -0.286220443808696
26.1877113446939 0.565057601718167 -0.246627582105941
26.2806084695254 0.544054948626692 -0.205217358629418
26.3728059349238 0.527097702103945 -0.162368318540537
26.4643808802829 0.51423109282639 -0.118442488586665
26.5554345599627 0.505473673626301 -0.0737818870331134
26.6460923768635 0.500824752500993 -0.028707606341681
26.7365009824137 0.500271541111652 0.0164779185088193
26.8268219805343 0.503794797764568 0.0614853782496723
26.9172228074684 0.511371749337143 0.106030595404428
27.0078664406928 0.522975567542823 0.149825716728231
27.0989020527694 0.538571511683837 0.192571557546394
27.1904582795953 0.558110634992506 0.233952652809944
27.2826397621386 0.581522337980426 0.273635708781511
27.3755266512059 0.60870698147002 0.311271310042138
27.469176223421 0.639529427394922 0.346498226804121
27.563625664176 0.6738139827775 0.378949517957675
27.6588952543804 0.711340918745853 0.408259708903233
27.7549914646675 0.751844556502437 0.43407249520468
27.8519096992972 0.795012831674553 0.456048589728949
27.949636597184 0.840488225777616 0.47387345295201
28.0481518949419 0.887869956804814 0.487264721802487
28.1474299028173 0.936717329408224 0.495979192598606
28.2474406586813 0.986554149497315 0.499819232519031
28.3481508247871 1.03687410682688 0.498638502882443
28.4495243829889 1.08714702139648 0.492346883008229
28.5515231744367 1.13682583831842 0.480914490075929
28.6541073204164 1.18535424245528 0.464374699855059
28.7572355517966 1.23217474973892 0.442826086544849
28.8608654695431 1.27673711997554 0.416433216808387
28.9649537522362 1.31850692450113 0.385426253625768
29.0694563233483 1.3569740946725 0.350099348741235
29.1743284876401 1.39166127292581 0.310807827884384
29.2795250443944 1.42213178842276 0.267964199333446
29.3850003825452 1.44799708342834 0.222033043727226
29.4907085624149 1.46892342590642 0.173524869272373
29.5966033871625 1.48463775703257 0.12298904193743
29.7026384668914 1.49493254008556 0.0710059230310296
29.8087672771472 1.49966949844948 0.0181783669779865
29.9149432137901 1.49878215524176 -0.0348772517021463
30.0211196455999 1.49227711422088 -0.0875403007503741
30.1272499661398 1.48023405063377 -0.139195252859895
30.233287645548 1.4628044106863 -0.189240956505251
30.3391862841382 1.4402088483049 -0.237099625479147
30.4448996687017 1.41273345715238 -0.282225364253833
30.5503818329468 1.38072488350206 -0.324112058259761
30.655587123798 1.34458443073427 -0.362300474275378
30.7604702756861 1.30476128822043 -0.396384435989812
30.8649864950645 1.26174503581699 -0.426015962653299
30.9690915584904 1.21605758920805 -0.450909284293139
31.0727419280321 1.16824476118134 -0.470843673786236
31.1758948892371 1.11886761889129 -0.485665063874853
31.2785087180269 1.06849381785616 -0.495286444666941
31.3805428851196 1.01768908950194 -0.499687063790064
31.4159265358979 1.00000095492186 -0.50000006557541
