harmonic oscillator
0 1 0
0.01 0.999950000417699 -0.0099998327341399
0.0271167365136931 0.999632363853315 -0.0271134117742004
0.0545003169453249 0.998515225419816 -0.0544733374420207
0.0957059993224245 0.99542367598339 -0.0955599551019311
0.153923789016304 0.988177105278578 -0.15331669205978
0.22961842273134 0.973753317926002 -0.227605964464211
0.317715241276114 0.949951654230542 -0.312396949297104
0.411148722899296 0.916662335889328 -0.399662559670733
0.506152792618682 0.874616178211687 -0.484815986620948
0.601549433226573 0.824459769506445 -0.565920567744551
0.69703961490549 0.766745992851018 -0.641950608257499
0.792551820934086 0.702030366234709 -0.712147011750692
0.888069197904284 0.630911266425669 -0.77585499664847
0.983587788124577 0.55403936966168 -0.832490467968473
1.07910666294181 0.472116119782625 -0.881536370379088
1.17462560452254 0.385888563665214 -0.922545402545805
1.27014456177717 0.296142872693179 -0.955143655554127
1.3656635226931 0.203697262739088 -0.979033926588418
1.46118248447915 0.109394557006848 -0.993998408259327
1.55670144645076 0.0140945078721731 -0.999900670086237
1.65222040848248 -0.0813340400933209 -0.996686901478809
1.74773937052217 -0.176021070870707 -0.984386402147615
1.84325833257042 -0.269103328857483 -0.963111314951539
1.93877729457567 -0.359732189012538 -0.933055603511589
2.03429625661046 -0.447081393883609 -0.894493283801216
2.12981521863727 -0.530354586320962 -0.847775926030563
2.22533418066355 -0.608792569961516 -0.793329449355421
2.32085314265878 -0.681680230701805 -0.731650238837878
2.41637210464977 -0.748353056423054 -0.663300619877389
2.51189106665283 -0.808203195246451 -0.588903731561575
2.60741002864559 -0.860684997268123 -0.509137845575791
2.70292899065432 -0.905319989266983 -0.424730182374507
2.79844795264975 -0.941701236859002 -0.336450281246342
2.89396691462651 -0.969497054535872 -0.24510298440666
2.98948587659655 -0.988454029609175 -0.151521099304466
3.08500483858643 -0.998399332549368 -0.0565578059713392
3.1805238005557 -0.999242292657581 0.0389211212839554
3.27604276251117 -0.990975224721174 0.134045207197663
3.37156172446097 -0.973673499067366 0.227947211573257
3.4670806864427 -0.947494854407207 0.31977103588074
3.56259964840092 -0.912677959778865 0.408679528134859
3.65811861035435 -0.869540238575858 0.493862115317979
3.75363757227489 -0.818474974655632 0.574542193209198
3.84915653424114 -0.759947726714676 0.649984206764007
3.94467549619946 -0.694492083952437 0.719500355924239
4.0401944581313 -0.622704801288689 0.782456866393276
4.13571342007786 -0.545240358753225 0.838279767718922
4.23123238201353 -0.46280499472944 0.8864601260632
4.3267513439414 -0.37615026715248 0.926558684182435
4.42227030586354 -0.286066201625457 0.958209866087078
4.51778926779309 -0.193374088795107 0.981125109977296
4.61330822971758 -0.0989189967333076 0.995095499033555
4.7088271916601 -0.00356206644626991 0.999993666110172
4.80434615356065 0.0918273389752966 0.995774954927473
4.89986511548789 0.186379560494794 0.982477827200252
4.99538407736618 0.279232571485096 0.960223512000434
5.09090303927853 0.36953983706731 0.929214900474136
5.18642200118431 0.456478031639821 0.889734696153518
5.28194096308516 0.539254545246961 0.842142837531684
5.37745992498762 0.617114709715537 0.786873216531353
5.47297888684611 0.689348678873274 0.724429722777597
5.56849784873135 0.755297900298635 0.655381649559013
5.66401681060817 0.814361119131753 0.58035850376036
5.75953577247467 0.865999859784386 0.500044266600643
5.85505473432807 0.909743335160918 0.415171157841325
5.95057369617096 0.945192738796675 0.326512960179719
6.04609265802901 0.972024880752698 0.234877964703484
6.14161161986696 0.989995134095017 0.141101601833582
6.23713058174085 0.998939665178251 0.0460388246118833
6.33264954354906 0.998776927275578 -0.0494436856059535
6.42816850538126 0.989508404059595 -0.14447542097549
6.52368746723844 0.971218596051884 -0.238189983248422
6.61920642907697 0.944074250264589 -0.329732982715555
6.71472539090953 0.908322839956449 -0.41826982772232
6.81024435273498 0.864290308444946 -0.502993333518262
6.90576331456562 0.812378097492059 -0.583131081333453
7.00128227641525 0.753059487388139 -0.657952460458138
7.09680123825002 0.686875282121618 -0.726775329138805
7.19232020006588 0.614428878858547 -0.788972233684662
7.28783916188597 0.536380766801041 -0.843976128911789
7.38335812367636 0.453442505617608 -0.891285547808609
7.47887708548713 0.366370238081265 -0.930469173453807
7.57439604728558 0.275957796508408 -0.961169771222557
7.66991500910614 0.183029465306705 -0.983107445736022
7.76543397090274 0.0884324661664422 -0.996082192605636
7.86095293267387 -0.00697076612533457 -0.999975721897397
7.95647189443443 -0.102310446422605 -0.994752536555534
8.05199085619866 -0.196717368978167 -0.980460256022361
8.14750981796868 -0.289330831924734 -0.957229182098589
8.24302877974701 -0.379306484250985 -0.92527111099116
8.33854774154667 -0.465824023704428 -0.884877402376024
8.43406670333415 -0.548094675384156 -0.836416323117696
8.52958566507895 -0.625368383001643 -0.78032968979167
8.62510462684555 -0.696940647163169 -0.717128840604325
8.72062358859587 -0.762158948087173 -0.647389973672468
8.81614255034426 -0.820428694708416 -0.571748893769193
8.91166151211273 -0.871218645485721 -0.490895215755402
9.00718047387978 -0.914065751672465 -0.4055660774513
9.10269943566104 -0.948579378946322 -0.316539419131107
9.19821839740602 -0.974444868757977 -0.224626891185278
9.29373735916329 -0.991426407105186 -0.130666454199547
9.3892563209028 -0.999369174381398 -0.0355147394906523
9.48477528265883 -0.9982007568847 0.059960760885126
9.58029424441303 -0.987931806996478 0.154889602885571
9.67581320614602 -0.968655946076485 0.248406326317009
9.77133216783991 -0.94054891092233 0.339658345183402
9.86685112953394 -0.903866951563406 0.4278137207099
9.96237009122461 -0.858944495071966 0.51206874597851
10 -0.839071878008897 0.544020615070308


"Analytical solution"
0 1
0.01 0.999950000416665
0.0271167365136931 0.999632363828691
0.0545003169453249 0.998515225297964
0.0957059993224245 0.995423675570263
0.153923789016304 0.988177104128406
0.22961842273134 0.973753315160508
0.317715241276114 0.949951648589291
0.411148722899296 0.916662326154498
0.506152792618682 0.874616163380561
0.601549433226573 0.824459748741039
0.69703961490549 0.76674596544767
0.792551820934086 0.70203033162317
0.888069197904284 0.630911224177488
0.983587788124577 0.554039319499773
1.07910666294181 0.472116061589545
1.17462560452254 0.385888497489398
1.27014456177717 0.29614279875288
1.3656635226931 0.203697181423896
1.46118248447915 0.109394468876727
1.55670144645076 0.0140944136540112
1.65222040848248 -0.0813341395116405
1.74773937052217 -0.176021174448664
1.84325833257042 -0.26910343541263
1.93877729457567 -0.359732297233451
2.03429625661046 -0.447081502344943
2.12981521863727 -0.530354693500447
2.22533418066355 -0.608792674258696
2.32085314265878 -0.681680330458314
2.41637210464977 -0.748353149944185
2.51189106665283 -0.808203280823766
2.60741002864559 -0.860685073202828
2.70292899065432 -0.905320053893796
2.79844795264975 -0.941701288570201
2.89396691462651 -0.96949709180524
2.98948587659655 -0.988454051015531
3.08500483858643 -0.998399336799384
3.1805238005557 -0.999242278607584
3.27604276251117 -0.990975191397643
3.37156172446097 -0.973673445685858
3.4670806864427 -0.947494780389424
3.56259964840092 -0.912677864767637
3.65811861035435 -0.869540122447811
3.75363757227489 -0.818474837531333
3.84915653424114 -0.759947568966084
3.94467549619946 -0.694491906207522
4.0401944581313 -0.622704604433092
4.13571342007786 -0.545240143928884
4.23123238201353 -0.46280476333013
4.3267513439414 -0.376150020816256
4.42227030586354 -0.286065942224015
4.51778926779309 -0.193373818420137
4.61330822971758 -0.0989187176799124
4.7088271916601 -0.0035617811935887
4.80434615356065 0.0918276277860969
4.89986511548789 0.186379850084968
4.99538407736618 0.279232858964983
5.09090303927853 0.369540119464949
5.18642200118431 0.45647830593125
5.28194096308516 0.539254808387884
5.37745992498762 0.61711495867403
5.47297888684611 0.689348910663203
5.56849784873135 0.755298112013404
5.66401681060817 0.814361307978045
5.75953577247467 0.866000023115492
5.85505473432807 0.909743470509302
5.95057369617096 0.945192843905393
6.04609265802901 0.972024953605298
6.14161161986696 0.989995172943572
6.23713058174085 0.998939668569173
6.33264954354906 0.998776894072898
6.42816850538126 0.989508333465389
6.52368746723844 0.971218487623586
6.61920642907697 0.944074103928926
6.71472539090953 0.908322656019789
6.81024435273498 0.864290087599877
6.90576331456562 0.812377840820048
7.00128227641525 0.75305919635817
7.09680123825002 0.686874958584738
7.19232020006588 0.614428525038308
7.28783916188597 0.536380385279845
7.38335812367636 0.453442099319031
7.47887708548713 0.366369810248458
7.57439604728558 0.275957350678736
7.66991500910614 0.183029005282804
7.76543397090274 0.0884319959839427
7.86095293267387 -0.00697124223315815
7.95647189443443 -0.102310924062942
8.05199085619866 -0.196717843639196
8.14750981796868 -0.289331299018189
8.24302877974701 -0.379306939156363
8.33854774154667 -0.465824461814415
8.43406670333415 -0.548095092150829
8.52958566507895 -0.625368773982977
8.62510462684555 -0.696941008069393
8.72062358859587 -0.762159274826488
8.81614255034426 -0.820428983431612
8.91166151211273 -0.871218892629201
9.00718047387978 -0.914065953999226
9.10269943566104 -0.948579533584435
9.19821839740602 -0.97444497323614
9.29373735916329 -0.991426459384926
9.3892563209028 -0.999369172885562
9.48477528265883 -0.998200700521863
9.58029424441303 -0.98793169518097
9.67581320614602 -0.968655778743755
9.77133216783991 -0.940548688539418
9.86685112953394 -0.903866675134332
9.96237009122461 -0.85894416613791
10 -0.839071529076452
