pendulum
0 3.04159265358979 0
0.052451377233542 3.04090822487721 -0.0260704621127339
0.1208894279458 3.03795976146985 -0.0601640917089636
0.189915876517696 3.03259861114432 -0.0953773959704967
0.259386314777056 3.02469613140529 -0.132476006516049
0.328817719063953 3.01414079704326 -0.172066264070382
0.397737109961972 3.00083380837928 -0.214729429728824
0.465715447149588 2.98469028136826 -0.261004651728649
0.532405670143507 2.96563392673038 -0.311388279194006
0.597556562490322 2.94359019304607 -0.366336120008313
0.661006776313627 2.91848097031633 -0.42626574886385
0.722668391619486 2.89022208204911 -0.491557254181059
0.782508344329268 2.85872317689847 -0.562552294777588
0.840532306015756 2.82388902555982 -0.639551933227274
0.896772499507484 2.78562127727989 -0.72281380913596
0.951279304785865 2.74381996880457 -0.812549189955314
1.00411594403775 2.69838427458868 -0.908920435855487
1.05535549111993 2.64921208962663 -1.01203944333841
1.10507959203884 2.59619806221457 -1.12196765747466
1.15337845693566 2.53922966836588 -1.23871823406369
1.20035184496831 2.47818084897108 -1.36226088252879
1.24611091269914 2.41290259498488 -1.4925298464458
1.29078096226711 2.34320959753086 -1.62943545430327
1.33450535071166 2.26886154213412 -1.77287983468473
1.37745118640525 2.18953653517222 -1.92277800730602
1.41981810028293 2.10479190690316 -2.07908715769127
1.46185271734096 2.01400282287923 -2.24185069026465
1.50387448413498 1.91625800474743 -2.41127287073809
1.54632635560441 1.81016299505372 -2.5878646385654
1.58988795557927 1.69341322147672 -2.77277940127785
1.63578339828577 1.561655700563 -2.96877243393313
1.68697574232603 1.40413836385643 -3.18412360222523
1.73742131813518 1.23834571174109 -3.38686305037917
1.78329206284199 1.07902182089115 -3.55702099849644
1.82676441593626 0.92120153638961 -3.7003537849607
1.86839639752452 0.764650931841395 -3.81652399019838
1.91025306090263 0.602890526026708 -3.90820020545124
1.95061520472311 0.443820109199038 -3.96922495679489
1.99018420539233 0.286049211958281 -4.00033653289477
2.02942021281773 0.128971674861338 -4.00144418054258
2.06869335798221 -0.0277026400143113 -3.97218531004528
2.10830984963451 -0.183977546097016 -3.91217292572486
2.14852546352234 -0.339577425672897 -3.82122769753595
2.18957177919438 -0.494022039147546 -3.69953585456969
2.23171959399168 -0.646835970666236 -3.5475507884424
2.27538075593541 -0.797834539817186 -3.36549944736087
2.32122688644907 -0.947323694719225 -3.15258259898654
2.37034845282386 -1.09619084046019 -2.90592002797613
2.42461730217822 -1.24614831076912 -2.61856390294491
2.48775343567773 -1.40063222548266 -2.27403924452447
2.55720731308611 -1.54531258179967 -1.89248753929823
2.60872380150612 -1.63557693383261 -1.61248246435906
2.65495395017018 -1.70439221002259 -1.36533134685782
2.69951922808744 -1.76001234672606 -1.13155569576779
2.74254234899219 -1.80392008079978 -0.910294408025245
2.7844418588514 -1.83761912700684 -0.698931410676474
2.82565018437088 -1.86220217227379 -0.494762723622649
2.86653961538134 -1.87834701475007 -0.295422344688811
2.90741524515835 -1.88639783766095 -0.0989144999116646
2.94852388973481 -1.88644173566771 0.0964437244874585
2.99006484384469 -1.87836659368407 0.292083303610741
3.03220016739892 -1.86190245196668 0.489230140023086
3.07506620245421 -1.8366483459801 0.68894206036599
3.11879010135813 -1.80208128138486 0.892150194525418
3.1635173792303 -1.75753469238778 1.09972873815405
3.20946084509019 -1.70211691841302 1.31263414264639
3.25699371998756 -1.6345012377156 1.53220024594483
3.30685514521441 -1.55239350922918 1.76084096143336
3.36075165088954 -1.45090874966965 2.00421312839869
3.42443147993945 -1.314347444715 2.28269628400637
3.47803309636265 -1.18597539699342 2.50486146847628
3.52879147020836 -1.05380371265708 2.70016949853336
3.57695842918928 -0.919635909486239 2.86747558202307
3.62277088793442 -0.785008441051903 3.00620891836239
3.66895973651629 -0.643380218442751 3.12202372599975
3.71289925052393 -0.504247581624505 3.20646183110453
3.75538203278774 -0.366759746338823 3.26166737394556
3.79688626948901 -0.230731304658101 3.28870967913745
3.83779794744614 -0.0961003401553561 3.28830602830068
3.87845122490709 0.0371152039190016 3.26097288418195
3.91915731354583 0.168848642278972 3.20709473580058
3.96022925373717 0.299010133530117 3.12693045011869
4.0020070898071 0.427508034853671 3.02056172152278
4.04488772078237 0.554265237411053 2.88777903278617
4.08936581300525 0.679229674607718 2.72788685810991
4.1360974328637 0.802377712635019 2.53938153008774
4.18600646022313 0.923696855277397 2.31941015093228
4.24043998877371 1.04303732887529 2.06299052807493
4.30099554945899 1.15896659569308 1.76397767616539
4.36126022306839 1.25608083907985 1.45798698290952
4.41108539996103 1.32235560413943 1.2020738673985
4.45905488160056 1.37409589894279 0.955181632141141
4.50491837853804 1.41250274892831 0.719842881846785
4.54895401365087 1.43925083207067 0.495266088673947
4.59157437488801 1.45575753969458 0.279637646888673
4.63319495635109 1.46304716985909 0.0709859258475884
4.67420737692302 1.46177706955098 -0.132570731100946
4.71498438813827 1.45228160803362 -0.332778826266712
4.75589416546363 1.43459919880837 -0.53126537635373
4.79732007794208 1.40847359247774 -0.729575737587967
4.83969026893197 1.37331936577445 -0.929235118661832
4.88352964926675 1.32812472113351 -1.13186373282105
4.92956578798715 1.27121775242546 -1.33942828987242
4.97897858692824 1.19967528238137 -1.55486627376568
5.03407729055686 1.10763685143655 -1.78375518112525
5.09462772474286 0.992444405557695 -2.01760974452338
5.14867258277111 0.878203618663007 -2.20654184414749
5.19906739605276 0.762994834377605 -2.36208261703969
5.24669393568646 0.647420181031494 -2.48754898129127
5.29423826147265 0.526639579324663 -2.58902512124759
5.33979234276412 0.406950344011669 -2.66160036635123
5.38377990032176 0.288782630483838 -2.70702446325092
5.42666282085237 0.172184826050927 -2.72684474262441
5.46882276420328 0.0572343532658368 -2.7222181937492
5.51058299085417 -0.0559389127110812 -2.69403957913154
5.55222816859045 -0.167148607723696 -2.64303431237354
5.59401575096071 -0.276139690428027 -2.5698256979972
5.6361784526674 -0.382562538586711 -2.47500249396221
5.67891461496333 -0.485927532411734 -2.3592203614137
5.72235916726358 -0.585534185850689 -2.22338708224398
5.76652582262117 -0.680380085169331 -2.06899355855678
5.81122427884216 -0.769100766987424 -1.89859359866219
5.85600705065048 -0.850079436617651 -1.71617349177027
5.90025372148616 -0.921854502240916 -1.52681765383826
5.94339986700895 -0.983623714584929 -1.33549558598818
5.98511785861926 -1.03539649302633 -1.14591274226398
6.02532250550451 -1.07774306389185 -0.960252135686994
6.06408355983793 -1.11146505062482 -0.779534165766534
6.10154705663555 -1.13738342669632 -0.604051072965842
6.1378921112285 -1.15624094141714 -0.433665808184813
6.17331302227037 -1.16866571177143 -0.267983270396122
6.20801377172887 -1.17515940820844 -0.106445825189498
6.24220720389548 -1.17609327667417 0.0516081667218134
6.27611540247597 -1.17170594322192 0.206901669235402
6.30997020367616 -1.16210122021478 0.36018253228784
6.34401398408242 -1.14724522827164 0.512189666261826
6.37850137361496 -1.12696194439563 0.663620434970465
6.41370273651933 -1.10092565809873 0.815097875239369
6.44991037966432 -1.068648049597 0.967134979117887
6.48744850364797 -1.02945684074928 1.12009012749849
6.5266872605244 -0.982463258664212 1.27409956418913
6.56805665907726 -0.926522971586099 1.42894773036294
6.61203334758715 -0.860238913693585 1.58375564169224
6.65898143636454 -0.782251777157889 1.73613941100265
6.70853064415054 -0.692579349160529 1.88035341696509
6.75881034202551 -0.59476733569665 2.00682052265251
6.80782626402989 -0.493817171120244 2.10852151656461
6.85504233133455 -0.39238110096327 2.18440017583174
6.90069520346023 -0.29140125892381 2.23569471910647
6.94514820003891 -0.191312115074425 2.26379854719236
6.98873010394227 -0.0924411304920123 2.26988567169023
7.03171657902436 0.00488640116145306 2.25494475277583
7.07433380200849 0.100309137826784 2.21986412304912
7.11676000191037 0.193403756663382 2.16552041488449
7.15912040494386 0.283660307299867 2.09287665952048
7.20147512681234 0.370460354367643 2.00309995315578
7.24380276205324 0.453068665367323 1.89769655590293
7.28598830543307 0.53065889703991 1.77863144179913
7.32783023376472 0.602394203681124 1.6483577675848
7.36907806821063 0.667557513839413 1.50967702379751
7.40949132711332 0.725679320421635 1.36543823830342
7.44889054312153 0.776595479335798 1.21821012100384
7.48717767690315 0.820415560167222 1.07007489598717
7.52432851270767 0.857439984156335 0.922582470770678
7.56037360576147 0.888074021795975 0.776807243656737
7.59538077442806 0.912762524617387 0.633437354173776
7.6294437131339 0.931947172517268 0.492857002728272
7.662676172176 0.946039519802409 0.35521064758816
7.69520956942632 0.955403071538623 0.220451661757409
7.72719203129285 0.960340094691729 0.0883818588094705
7.75878752177644 0.961081164063818 -0.041312447560225
7.79017444251808 0.957776850222017 -0.169024476424956
7.82154368803241 0.950491507747295 -0.295190001975637
7.85309650660705 0.93919910207605 -0.420249616825213
7.88504261590623 0.923780782099707 -0.544610630851448
7.91759891127816 0.904023762887736 -0.66860817197204
7.95098887914055 0.87962119795835 -0.792463717748811
7.98544251163739 0.850173206530206 -0.916237675550627
8.02119594640251 0.815190378024546 -1.03977045973322
8.05848866783323 0.774103898382271 -1.16260282404117
8.09755258832742 0.726293600747623 -1.28385976218809
8.13857931824278 0.671162303505297 -1.40207472741559
8.18163928429617 0.608315660950862 -1.51494284753565
8.22653235534953 0.537913056900311 -1.61910719252938
8.27265715820035 0.461062743817429 -1.71040184240188
8.3191589448663 0.379721434009301 -1.78499288275383
8.36534850469281 0.295916207517747 -1.84060884174949
8.41091282634693 0.211158162678971 -1.87657675049429
8.45580990737384 0.126463132591335 -1.89312121449878
8.50011449539124 0.0425714163429145 -1.89084117614661
8.54392849429182 -0.0398934660982154 -1.87050193284563
8.58733846739539 -0.120339303374051 -1.83299514898473
8.63039370671909 -0.198162176282163 -1.77936898003748
8.67309349019637 -0.272731161204262 -1.71088322008582
8.71538210663384 -0.343399044724827 -1.62905869540364
8.75715457127346 -0.409540003936514 -1.5356882784889
8.79827497928049 -0.470607643383382 -1.43278163735502
8.83860365093596 -0.526194235764086 -1.32244184645342
8.87802338393637 -0.576067229200801 -1.20670958010733
8.91645562253755 -0.620170406031666 -1.08742807275654
8.9538641003953 -0.658595714037207 -0.966163600363103
8.9902499498051 -0.691542028382706 -0.844182766070494
9.02564398488374 -0.71927490045278 -0.722467162363938
9.06010005013575 -0.742093872685321 -0.601744100212637
9.09369089032072 -0.760307990701263 -0.482519606477276
9.12650639952328 -0.77421751175894 -0.36510792960635
9.15865339988114 -0.784099478353183 -0.249657116783894
9.19025593336594 -0.790195508904569 -0.136172845370435
9.22145517487052 -0.7927010705512 -0.024543356273428
9.25240839414148 -0.79175625491458 0.0854323581342737
9.28328682728177 -0.787438481931404 0.194012411686122
9.31427272527114 -0.779757569008164 0.301476666116878
9.34555606715102 -0.768653356729968 0.408089587709083
9.37733139587845 -0.753995822402947 0.514062456944342
9.40979502348662 -0.735587544811732 0.61951513313299
9.4431425702131 -0.713168590338329 0.724436539566237
9.4775664879238 -0.686424390484815 0.828642224453718
9.5132527661006 -0.654998085808624 0.931726762243308
9.55037515693042 -0.61851050402628 1.03300830644131
9.58908359375649 -0.576594151734927 1.13146287708191
9.62948093360493 -0.528952836106054 1.22565006864382
9.67158079486399 -0.475462900338728 1.31364881594611
9.71524763762287 -0.416320514131951 1.39306579094618
9.76015209937509 -0.35218226425659 1.46123549869578
9.80581069319754 -0.28416291876356 1.51567901639472
9.8517286939164 -0.213610232895282 1.55461602260358
9.8975376144712 -0.14181563221908 1.57716835633072
9.94302634680696 -0.0698728600076393 1.58321133939618
9.98809356345378 0.00131064385377189 1.57312856136829
10 0.0200104759685251 1.56781866455887
