precession
0 1 -0.5
0.01 0.995000581964269 -0.499875501006727
0.0278857659914338 0.986062776625842 -0.499530655918614
0.0575907877471493 0.971236785864725 -0.498611874111726
0.103660773052006 0.94831424121422 -0.496333934908943
0.169910091204641 0.915589164868313 -0.491248499458948
0.255204800921587 0.874075483259987 -0.481589403308952
0.350892426556645 0.828673425775866 -0.466662836785987
0.44927590156681 0.78369604852856 -0.446939370587217
0.547628646209403 0.740883111981469 -0.422969205338326
0.645312687340461 0.700891960593894 -0.395174813887176
0.7421935450133 0.664091774803667 -0.363938878279754
0.838248072580699 0.630755605289347 -0.329643589594651
0.933483692693821 0.601099908847249 -0.292677271491136
1.02792357537024 0.575293751950681 -0.253431008993285
1.12160580138183 0.553462942458887 -0.212292817049724
1.21458570278776 0.535694167036885 -0.1696416101732
1.3069387665209 0.522040159752741 -0.125841919521223
1.39876292863584 0.512525976357112 -0.0812401135496979
1.49017917697043 0.507156002358629 -0.0361629142654857
1.58132941263296 0.505920899202381 0.0090811063362193
1.67237097478509 0.50880333121168 0.0541968328766877
1.7634682025649 0.515781243534945 0.0988953323511201
1.85478251970794 0.526827865218469 0.142885493622531
1.94646312186421 0.541908406290549 0.185866499734194
2.03864004846543 0.560974233281742 0.227522757812784
2.13142047027788 0.583955766608521 0.267522099513866
2.22488801712909 0.610755333969289 0.305517200400476
2.31910434291556 0.641240888801689 0.341149596098607
2.41411196078577 0.675241093938044 0.374055474926111
2.50993752602214 0.712541936435255 0.403872492177329
2.60659500746776 0.752884833926275 0.430247033046074
2.70408843894696 0.795966099622179 0.452841542194643
2.80241412898673 0.841437614349829 0.471341689093043
2.90156232244019 0.888908572758039 0.485463237294629
3.00151837053504 0.937948204057183 0.494958540741243
3.10226349282047 0.988089400352698 0.49962261206417
3.20377522293423 1.03883321162683 0.499298707962458
3.30602762713521 1.08965418082882 0.493883363183262
3.40899137896904 1.14000649521998 0.483330784259557
3.5126337624757 1.18933091784256 0.467656492457444
3.61691866634995 1.23706243907222 0.446940087739635
3.72180661679473 1.28263855198509 0.421326996983819
3.82725488239307 1.32550801305501 0.391029074007942
3.93321766779064 1.36513990557336 0.356323938596116
4.03964639521889 1.40103278375336 0.317552977191813
4.14649005817382 1.43272364827516 0.275117975779746
4.25369561916343 1.45979649272557 0.229476411038375
4.36120841675022 1.48189016781676 0.181135481842235
4.46897254645487 1.49870533485033 0.130645012848546
4.57693118639638 1.51001031743498 0.0785893994218756
4.68502684952998 1.51564570429097 0.0255787865014006
4.79320155943706 1.5155275997919 -0.0277603166348077
4.90139696153228 1.50964945736288 -0.080794783934928
5.00955439545235 1.49808246190058 -0.13289478599468
5.11761496260934 1.48097445179091 -0.183443676959226
5.2255196268679 1.45854739233901 -0.231847663427575
5.33320938213014 1.43109343534084 -0.277545059273388
5.44062551130846 1.39896962845328 -0.320014923844773
5.54770994672498 1.36259137539365 -0.358784876850517
5.65440572477126 1.32242479326415 -0.393437887485825
5.76065751117735 1.27897816216951 -0.423617853660876
5.86641216034188 1.23279270787462 -0.449033822409022
5.97161926451619 1.18443299300394 -0.46946275373837
6.07623164959433 1.13447720857909 -0.484750793310125
6.18020578150886 1.08350765259971 -0.49481308605034
6.28350206234923 1.03210165491852 -0.499632224985454
6.38608501325976 0.980823163410819 -0.499255478669777
6.48792336126123 0.930215151826931 -0.49379097182112
6.58899006714367 0.880792953058706 -0.483403005258702
6.68926234777327 0.8330385717155 -0.468306694836349
6.78872176120945 0.787395990991936 -0.448762089212911
6.88735443323332 0.744267465860471 -0.425067898959116
6.9851515128248 0.704010786713413 -0.397554940682906
7.08210994845252 0.666937504926649 -0.366579375862004
7.17823367722689 0.633312130628474 -0.332515810293516
7.27353530805967 0.60335234023624 -0.29575032298898
7.36803834757554 0.577230261208583 -0.256673520939402
7.46177994802737 0.555074923776655 -0.215673777815301
7.55481402194883 0.536975968455884 -0.173130922917064
7.64721434970062 0.522988644100688 -0.129410805423706
7.73907700857244 0.513139984683674 -0.084861348137324
7.83052116432932 0.507435778344513 -0.0398108454634045
7.92168718852048 0.505867557009904 0.00543079883927407
8.01273145478602 0.508418469006751 0.0505676263758415
8.10381809842361 0.515066793841191 0.0953105129881666
8.1951091452506 0.52578622264456 0.139368825763301
8.28675507487647 0.54054280232523 0.182442759641999
8.37888765451548 0.559289271449701 0.224218026333729
8.47161596188463 0.581958012224302 0.264363782526396
8.56502549214894 0.608453868263556 0.30253380745331
8.6591795785636 0.638647769417054 0.338370339358707
8.75412215878336 0.672371695416812 0.371509754741612
8.84988104611806 0.709415166707216 0.401589324175519
8.94647112434293 0.749523234681722 0.428254455541298
9.04389713959239 0.792395842760618 0.451166028477259
9.1421559550463 0.837688406280272 0.470007578841089
9.24123825550794 0.885013476293152 0.484492195274285
9.34112975391451 0.933943384405076 0.494369047714476
9.44181198315524 0.984013799819701 0.499429492213966
9.54326276362835 1.03472815531026 0.499512697559055
9.64545643727386 1.0855629155203 0.494510726768379
9.74836395078609 1.13597366341756 0.484372986309988
9.85195286219713 1.18540197067025 0.469109934202287
9.95618733371444 1.23328299408345 0.448795919959011
10.0610281601132 1.2790537052205 0.423571019830228
10.1664328669151 1.32216161811577 0.39364173403642
10.2723558967424 1.36207383604411 0.359280430979066
10.3787488839977 1.39828619803102 0.320823457785917
10.4855610038016 1.43033227770291 0.278667883320621
10.5927393673781 1.45779197393904 0.233266895301022
10.7002294296618 1.48029943903772 0.185123929180862
10.8079753734952 1.49755011332431 0.134785656903104
10.9159204406118 1.50930667185191 0.082834002247338
11.0240071901492 1.51540373238886 0.0298773740613839
11.1321776803398 1.51575121795658 -0.0234586809733214
11.2403735841435 1.51033630620935 -0.0765412040372928
11.3485362635403 1.4992239295956 -0.12873973135811
11.4566068361012 1.48255581507558 -0.179436190346932
11.5645262716429 1.46054807350146 -0.228034593283725
11.6722355533689 1.43348737135826 -0.273970332992713
11.7796759288434 1.40172574591016 -0.316718878437615
11.8867892623071 1.36567416140337 -0.355803663720206
11.9935184822408 1.32579494885929 -0.390802967104944
12.0998081023777 1.28259332049536 -0.421355594072775
12.2056047796576 1.23660819642752 -0.447165211716085
12.3108578660781 1.18840261664603 -0.468003232361352
12.4155199100746 1.13855402983413 -0.483710206233138
12.5195470712949 1.08764474667475 -0.494195750119151
12.6228994259706 1.03625282005862 -0.499437101563849
12.7255411585074 0.984943571213176 -0.499476438670364
12.827440654957 0.934261926651138 -0.494417138347725
12.9285705340218 0.884725674086481 -0.484419158845486
13.0289076672074 0.836819695119669 -0.469693727398435
13.1284332562949 0.790991191847578 -0.45049749473488
13.2271330451913 0.747645901100603 -0.427126291342339
13.3249977535611 0.707145280263449 -0.399908591372316
13.4220238238059 0.669804655126808 -0.369198765490973
13.5182145736875 0.635892338191646 -0.335370189177534
13.6135818371131 0.605629752633917 -0.298808274318746
13.7081481457423 0.57919262699864 -0.259903517120593
13.8019494382972 0.556713349184412 -0.219044713841131
13.8950381559809 0.53828457012929 -0.176612600056603
13.987486371091 0.523964099172078 -0.132974324068979
14.0793883033885 0.513780995474232 -0.0884793534835261
14.170861283605 0.50774249621264 -0.0434575634838435
14.2620441193248 0.50584104281337 0.001779780990724
14.3530921642151 0.508060291020204 0.046935831414971
14.4441692840095 0.51437885657656 0.0917212169298335
14.5354380442327 0.524770872379572 0.135845732058632
14.6270501613107 0.539203184639711 0.179010548584664
14.7191391044967 0.557629857383538 0.220902669360908
14.8118158530775 0.579985187332366 0.261192584116806
14.9051677772803 0.606176492212858 0.299535201171967
14.9992599082411 0.636077645420843 0.335573498817612
15.0941376297509 0.669523920780094 0.368944086053543
15.1898299341653 0.706308359144363 0.399283896123438
15.2863526384389 0.746179641613898 0.426237407476156
15.383711215658 0.788841345671058 0.449463981563405
15.4819030948498 0.833952432130361 0.468645065596313
15.5809194083873 0.881128825640983 0.483491115796707
15.680746236195 0.929945983491445 0.493748157891332
15.7813654273654 0.979942380773881 0.499203927996712
15.8827550906998 1.03062386747046 0.499693540106925
15.9848898442118 1.08146886953207 0.495104614512817
16.0877409077204 1.13193441039935 0.485381781812037
16.191276113209 1.18146291991052 0.470530455315471
16.2954598966665 1.2294897750173 0.45061974606032
16.4002533219738 1.27545148265725 0.425784384253009
16.5056141728495 1.31879437347311 0.396225512896522
16.6114971315846 1.35898363037202 0.362210236723081
16.7178540471721 1.39551243597342 0.324069842248647
16.8246342789424 1.42791099290586 0.282196651165016
16.9317850894948 1.45575515706479 0.237039523899183
17.0392520525858 1.47867442820705 0.189098086737695
17.1469794406443 1.49635906447849 0.138915806739921
17.2549105607103 1.50856612305115 0.0870720788757254
17.3629880192489 1.51512427262792 0.0341735149213732
17.4711539098327 1.51593726754986 -0.0191553644645721
17.579349933446 1.51098601292681 -0.0722818323265753
17.6875174747962 1.50032918246516 -0.12457485505863
17.7955976682993 1.4841023759368 -0.17541499660145
17.9035314907704 1.46251582473163 -0.224204135552739
18.0112599162522 1.43585067618785 -0.270374800370454
18.1187241593755 1.40445391507198 -0.313398921147908
18.2258660190879 1.36873201683148 -0.352795791199227
18.3326283195121 1.32914347094361 -0.388139034973304
18.4389554259559 1.28619036185749 -0.419062393741618
18.5447938015582 1.24040924140712 -0.445264173432862
18.6500925612447 1.19236156358378 -0.466510247689205
18.7548039788152 1.14262397236186 -0.482635570773229
18.8588839095973 1.09177873160614 -0.49354422179854
18.96229210521 1.04040456197052 -0.499208065242094
19.0649924138836 0.989068108091415 -0.499664164250423
19.1669528809657 0.938316205259373 -0.495011117716969
19.2681457829163 0.888669058580976 -0.485404506625841
19.3685476465601 0.840614395475609 -0.471051631411699
19.468139318619 0.794602612370719 -0.452205704146053
19.5669061639671 0.751042909622741 -0.429159632593681
19.6648384777449 0.710300399575468 -0.402239504461571
19.7619322037643 0.672694176690425 -0.37179785466848
19.8581900510926 0.638496356638136 -0.338206782934786
19.9536230928149 0.607932117117974 -0.301850988670867
20.0482529033675 0.581180803054261 -0.263120812966067
20.1421142282671 0.558378183481121 -0.22240543302797
20.2352580580005 0.539619951722544 -0.180086454442199
20.3277547738208 0.524966517447192 -0.13653229751273
20.4196967448057 0.514449010543128 -0.0920939618023184
20.5111994562954 0.508076163620427 -0.0471029095377978
20.6024001198652 0.505841367447827 -0.0018717943222735
20.6934530160276 0.507728810120237 0.0433015991726561
20.7845216760123 0.513717447356569 0.0881275982377301
20.8757691417044 0.523781835176385 0.132316373098356
20.967348317604 0.537889582618935 0.175570035731136
21.0593943473392 0.555996032959237 0.217576864816128
21.1520201050297 0.578037349961943 0.258008689581272
21.2453148448256 0.603923283087563 0.296521571689989
21.3393453136674 0.633530615592967 0.332759266092304
21.4341583631368 0.666697891806216 0.366358658253981
21.5297841856705 0.703221659201805 0.396956391296676
21.6262395499531 0.742854223860568 0.424196062163025
21.7235306710189 0.785302800599593 0.447735561093568
21.8216555550839 0.830229906078583 0.467254291768186
21.9206057902488 0.877254855379884 0.482460120740461
22.0203678285677 0.925956254139243 0.493095969502359
22.1209238385856 0.975875411794063 0.498945991170049
22.2222522190213 1.02652062940245 0.499841278362069
22.3243278645907 1.07737233350004 0.495665038005093
22.4271222682774 1.12788903238511 0.486357149427667
22.5306035358869 1.17751406320397 0.471918000263675
22.6347363773009 1.22568307640802 0.452411475636028
22.7394821261795 1.27183217105895 0.4279669648901
22.8447988255965 1.31540655331213 0.398780250882965
22.9506413992789 1.35586954540351 0.365113163064468
23.0569619130002 1.39271173239112 0.327291906824452
23.1637099128709 1.42546000224775 0.285704027334994
23.2708328155379 1.45368622002824 0.240794020045107
23.3782763162078 1.47701527938088 0.193057656822053
23.4859847789827 1.49513229563915 0.14303514823481
23.5939015780038 1.50778873947445 0.0913033035557019
23.7019693682464 1.51480735314673 0.0384668767657392
23.810130279471 1.51608573574987 -0.0148507008402161
23.9183260411214 1.51159852383501 -0.0680169987276887
24.026498061097 1.5013981268269 -0.120400478085064
24.1345874911146 1.48561400232406 -0.171380402700716
24.242535315989 1.46445047799515 -0.220356578388871
24.3502825023579 1.43818314883148 -0.266758726410723
24.4577702339408 1.40715390571361 -0.310055289834645
24.5649402474535 1.37176468641663 -0.349761466715524
24.671735265908 1.33247008393391 -0.385446265373028
24.7780995098581 1.28976899532954 -0.416738391875054
24.8839792523097 1.24419554167248 -0.443330810547922
24.9893233745149 1.19630952749792 -0.464983866168439
25.0940838782909 1.14668672964374 -0.481526917216458
25.1982163167299 1.09590930534387 -0.492858496304004
25.3016801180864 1.04455658737949 -0.498945077864123
25.4044387951021 0.993196493353371 -0.499818586102084
25.5064600525163 0.942377722938667 -0.495572812114625
25.6077158249372 0.892622860407301 -0.486358925205421
25.7081822945964 0.844422447570677 -0.472380261107129
25.8078399545613 0.798230049966957 -0.453886552651783
25.9066737931913 0.754458312725955 -0.431167742404672
26.0046736858309 0.713475990557732 -0.404547487706315
26.1018350849152 0.675605940351245 -0.374376442856442
26.1981601011266 0.641124081229382 -0.341025386421228
26.29365906064 0.610259352586962 -0.30487825994354
26.388352598109 0.583194730394569 -0.266325204948719
26.4822742860335 0.560069387601914 -0.225755737654507
26.575473685086 0.540982091161525 -0.183552296744502
26.6680195027719 0.525995890383203 -0.140084546588543
26.7600022654613 0.515144031086149 -0.0957050044962447
26.8515356045812 0.508436787870258 -0.0507467242176342
26.9427551051717 0.505868541557362 -0.0055237739586488
27.0338139230018 0.507424039005038 0.0396650807363484
27.1248751902204 0.513082581469796 0.0845298103909054
27.2161023611836 0.522819131158224 0.128780908503976
27.3076494782286 0.53660202463573 0.17212138907551
27.3996533300932 0.554387838714501 0.214240789565122
27.4922286771676 0.576114556510824 0.254812283370043
27.5854666653997 0.601694316258771 0.293493108532502
27.6794357750972 0.631006776657034 0.32992783253441
27.774184346953 0.663893728062295 0.363753660767037
27.8697437948356 0.700155210071485 0.394606993350775
27.9661318578838 0.739547148298771 0.422130593636204
28.0633555084189 0.781780397577504 0.445980927758923
28.1614133413962 0.826521040201229 0.465835401139288
28.2602974089877 0.873391797991871 0.481399333621009
28.3599945410358 0.921974447282401 0.492412582712945
28.4604872286818 0.971813159740421 0.498655755691931
28.5617541623009 1.02241872098809 0.499955957525155
28.6637705138576 1.07327359692652 0.496192011490691
28.7665080496475 1.12383782473375 0.487299070665698
28.8699351492221 1.17355569766299 0.473272516510849
28.974016796394 1.2218631926843 0.454171021353834
29.078714595209 1.26819605749136 0.430118639491534
29.1839868491221 1.31199843249642 0.401305791412598
29.2897887250792 1.35273183898782 0.367989020376618
29.3960725078676 1.3898843234671 0.330489430827762
29.5027879329517 1.42297951586358 0.289189762754541
29.6098825736692 1.45158534291861 0.244530109593161
29.7173022492096 1.47532213909247 0.197002344159157
29.8249914176564 1.49386991692014 0.147143369313774
29.9328935219304 1.50697459260019 0.095527352186246
30.0409512669044 1.51445300531206 0.0427571284222363
30.149106819233 1.51619661307365 -0.01054502314564
30.257301937268 1.51217378863862 -0.0637470329034895
30.3654780525733 1.50243067238753 -0.116216921514011
30.4735763347283 1.48709056550302 -0.167332716139499
30.5815377775257 1.46635186839404 -0.216492210963081
30.6893033416394 1.44048459126061 -0.263122377459001
30.7968141821444 1.40982549027568 -0.306688224111418
30.9040119763088 1.37477191728721 -0.346700899722737
31.0108393494342 1.33577451424718 -0.382724834902809
31.1172403810002 1.29332893151053 -0.41438373025379
31.2231611574271 1.24796679710875 -0.441365228794649
31.3285503296254 1.20024620271988 -0.4634241570268
31.4159265358979 1.15909527138782 -0.477916036362164
