t x1 m_1 vx1 vy1 x2 m_2 vx2 vy2 x3 m_3 vx3 vy3
0 0.97000436 -0.24308753 0.466203685 0.43236573 -0.97000436 0.24308753 0.466203685 0.43236573 0 0 -0.93240737 -0.86473146
0.01 0.974606043436743 -0.238749018531362 0.454160287310262 0.435303179838383 -0.965281426453749 0.247395647057802 0.478410221661545 0.42922260388136 -0.00932461698299449 -0.00864662852643966 -0.932570508971808 -0.864525783719743
0.03 0.983452194519274 -0.229988739482382 0.430563802371553 0.440600807669727 -0.955465306191632 0.255912161069195 0.503309344553784 0.422277786832587 -0.0279868883276417 -0.0259234215868131 -0.933873146925338 -0.862878594502315
0.07 0.999761246582515 -0.212185293476079 0.385318452724081 0.449148221393903 -0.934307331207923 0.27248053778248 0.555001557925987 0.405447513120976 -0.0654539153745925 -0.0602952443064007 -0.940320010650067 -0.854595734514879
0.135362905112787 1.0226711242086 -0.182496847215405 0.316765273296375 0.458433239191286 -0.895140352246173 0.297827322160803 0.644365531882381 0.367819951333096 -0.127530771962427 -0.115330474945398 -0.961130805178756 -0.826253190524382
0.199206204149369 1.04091602667665 -0.153050254147432 0.255692730828145 0.463504338047097 -0.851096712833381 0.319745954095749 0.735843647310876 0.316080882402453 -0.18981931384327 -0.166695699948317 -0.991536378139021 -0.77958522044955
0.263886402128073 1.0555927988048 -0.122977253206441 0.19890961232268 0.466059648936061 -0.800469360511956 0.338012238839366 0.82940014816947 0.245465044544088 -0.255123438292844 -0.215034985632925 -1.02830976049215 -0.711524693480149
0.325756706138226 1.0663226866044 -0.0941058921357632 0.148503351352016 0.467055652827 -0.746471424549729 0.350617833103674 0.915026731313787 0.158835912839637 -0.319851262054675 -0.256511940967911 -1.0635300826658 -0.625891565666637
0.386288770288528 1.0738931646742 -0.0658239928360767 0.102024545005096 0.467310589594281 -0.688766675868115 0.357206265309591 0.989536470526638 0.0559902457182746 -0.385126488806085 -0.291382272473514 -1.09156101553173 -0.523300835312555
0.445842390625965 1.07865711499349 -0.0379942343218008 0.0582131848871418 0.467279763542885 -0.628002767473597 0.357143586689405 1.04826294276689 -0.0602396615336018 -0.450654347519891 -0.319149352367604 -1.10647612765403 -0.407040102009284
0.504805643661008 1.080839216963 -0.0104439922291479 0.0159163161487359 0.467216098087904 -0.56493310611104 0.34994271938189 1.08763829962 -0.185103730799225 -0.515906110851961 -0.339498727152742 -1.10355461576874 -0.282112367288679
0.563613296784661 1.08054391183202 0.0170317616954219 -0.0259748285905999 0.467226537929335 -0.500326897765996 0.335306291008484 1.10606362616545 -0.312523861231181 -0.580217014066027 -0.352338052703906 -1.08008879757485 -0.154702676698154
0.622902797112296 1.07774179771047 0.0447354107648988 -0.0686951471022043 0.467297187925441 -0.434706229030213 0.313065042129711 1.10433674846022 -0.436354024354926 -0.643035568680261 -0.35780045289461 -1.03564160135802 -0.030943163570515
0.683432488544886 1.07223253973773 0.0730214549387229 -0.113631762897613 0.467286543164834 -0.368360295665372 0.283107063819377 1.08540591127531 -0.551053251696324 -0.703872244072359 -0.3561285187581 -0.971774148377694 0.0837667085314902
0.745791449418542 1.06364637955273 0.102151396415265 -0.162207961878106 0.466876661765785 -0.301608135234985 0.245503190514335 1.05409293064157 -0.651756582622052 -0.762038244317743 -0.3476545869296 -0.891884968763466 0.184879920856267
0.81008359613373 1.05151994594517 0.132130406482847 -0.215675360514462 0.465488046097796 -0.235029029911114 0.200823566710236 1.01682865526392 -0.734500104007943 -0.816490916034061 -0.332953973193082 -0.801153294749461 0.269012057910146
0.876138691363724 1.03533563310244 0.162782366819486 -0.275211430744377 0.462174682413804 -0.169087152869921 0.150115738071918 0.980638682582553 -0.797129162666982 -0.866248480232524 -0.312898104891404 -0.705427251838176 0.334954480253177
0.944227407907441 1.01434276189205 0.194045485969198 -0.342505849333781 0.455430061981656 -0.103364651485304 0.0942768518765112 0.951673724540955 -0.839452833904086 -0.910978110406745 -0.288322337845709 -0.609167875207174 0.38402277192243
1.01513354737054 0.987358227373653 0.225931420677468 -0.419945222308966 0.442792683603422 -0.0365693422827644 0.0338433035371682 0.934905082378294 -0.861568287084685 -0.950788885090889 -0.259774724214636 -0.514959860069327 0.418775603481263
1.08878881487543 0.953202962488465 0.25779589919447 -0.50896178835442 0.420598927447099 0.0321622958071498 -0.0297793550688442 0.934341556410685 -0.862284918054959 -0.985365258295615 -0.228016544125625 -0.425379768056265 0.441685990607859
1.15750377933773 0.915152604818858 0.285656137452922 -0.599681333551653 0.388072416174196 0.0967998626373556 -0.0884686621890796 0.94938725851483 -0.842562003948629 -1.01195246745621 -0.197187475263842 -0.349705924963177 0.454489587774433
1.22268898321962 0.873099556299466 0.309571904296892 -0.691311190334019 0.343124250449189 0.159490807997812 -0.14225934450399 0.975824517111868 -0.804573280221564 -1.03259036429728 -0.167312559792902 -0.284513326777849 0.461449029772375
1.28544917134948 0.826865912254766 0.329331662425593 -0.782184786977705 0.28368170814866 0.221753192134455 -0.1911043416301 1.00926908737792 -0.748698362381748 -1.04861910438922 -0.138227320795492 -0.22708430040022 0.465016654233089
1.34886630991177 0.774372917997994 0.344928805830424 -0.872652093431429 0.20492335223591 0.286927166438579 -0.236252094842218 1.04616077394214 -0.671605337836087 -1.06130008443657 -0.108676710988206 -0.17350868051071 0.466681985600177
1.40996605300287 0.718542004551719 0.354649297766509 -0.95333321419984 0.110196908533119 0.351870699127378 -0.274507417146786 1.07858832200716 -0.577436764127795 -1.0704127036791 -0.080141880619723 -0.125255107807315 0.467239855594676
1.46997540283109 0.659240347967638 0.358040953154603 -1.02062941025283 0.000285233053453779 0.417328296164023 -0.305941368717221 1.10086268208825 -0.467596997233485 -1.07656864413166 -0.0520995844373814 -0.0802332718354169 0.467311764180032
1.52919176929917 0.597241536794836 0.354519252416251 -1.07018845856393 -0.120892030123627 0.482801777688419 -0.330090271716187 1.10749174469306 -0.346351137803017 -1.08004331448325 -0.0244289807000639 -0.0373032861291275 0.467243167926644
1.58801275366835 0.533332371093761 0.343690386484031 -1.09931697544822 -0.247801746465276 0.547669818760758 -0.346743746551902 1.09466683693237 -0.219408567252968 -1.08100218985452 0.00305336006787139 0.00465013851584784 0.467210313718245
1.64696555892616 0.46818054240967 0.325333647762293 -1.10759565462713 -0.374194389077428 0.611307881280424 -0.35593147969993 1.06081151336589 -0.0930649996185127 -1.07948842369009 0.0305978319376377 0.0467841412612394 0.467259388695941
1.70677154770114 0.402173495721219 0.299308564315876 -1.09692443307018 -0.494185512844784 0.673218755822405 -0.357853381034665 1.00651084728206 0.0268684759452436 -1.07539225154362 0.0585448167187894 0.0904135857881219 0.467317036899541
1.76815231495243 0.335573014297187 0.265560237563073 -1.07119483045086 -0.602571907126935 0.732852233761864 -0.352786554172328 0.934227263888696 0.135408011578325 -1.06842524805905 0.087226316609255 0.136967566562164 0.46716389554861
1.83148057091112 0.268821834325043 0.224368032945801 -1.03607938271617 -0.694855849272438 0.789337277462073 -0.341158631403174 0.848273555214622 0.228490514245258 -1.05815911178712 0.116790598457374 0.187805827501551 0.46636533502718
1.89664811051538 0.202539113739546 0.176587459756912 -0.998493084110815 -0.767839199033144 0.841571735507735 -0.323708556288131 0.75440102198306 0.303662090659629 -1.04411084924728 0.14712109653122 0.244092062127755 0.464177108373515
1.96362506803656 0.136825078146474 0.123276171899229 -0.965169307514552 -0.820442663470005 0.888857007841632 -0.301344872309103 0.657990594465745 0.36102939094738 -1.02568208598811 0.178068700409875 0.307178713048807 0.459413272522625
2.03299875847932 0.0707602917454402 0.065109811444498 -0.94163044776109 -0.852884889447323 0.931157005113259 -0.274759928439784 0.562485761342008 0.40272652263919 -1.0019172968587 0.209650116995287 0.379144686419081 0.450158366808133
2.10543130930708 0.00298995966868379 0.00277300152921622 -0.932424663686548 -0.864709758279738 0.968503781895629 -0.244473066671542 0.470101726724786 0.431380047315397 -0.971493741564312 0.241700065142327 0.462322936961761 0.433329710964341
2.17933516483699 -0.066109567268906 -0.0608908248499727 -0.940477187714537 -0.854391218600828 1.00003035752939 -0.211872810688986 0.384554252577183 0.449274890177416 -0.933920790260489 0.272763635538959 0.555922935137354 0.405116328423412
2.24613994591774 -0.129587674827548 -0.11709636066679 -0.962006850549064 -0.825002179836205 1.02334727445475 -0.18151673100693 0.314630852672903 0.458657361371197 -0.893759599627203 0.29861309167372 0.64737599787616 0.366344818465009
2.30995154662036 -0.19191010762148 -0.168336389044297 -0.992667918776624 -0.777705527812593 1.04145380848216 -0.152074136358237 0.25376879255591 0.463621331026684 -0.849543700860678 0.320410525402534 0.738899126220714 0.31408419678591
2.37453468857662 -0.257191937296075 -0.216462685493199 -1.02948825909944 -0.709059652340068 1.05599206763802 -0.122041093022837 0.197218653005778 0.466109306550359 -0.798800130341943 0.338503778516036 0.832269606093662 0.242950345789709
2.43635122252308 -0.321933229730744 -0.25773335692596 -1.06457226814658 -0.622857803264603 1.06661296036487 -0.0931929091943397 0.146963895137403 0.467071716846398 -0.744679730634124 0.3509262661203 0.917608373009174 0.155786086418205
2.49684591385312 -0.387222180467813 -0.292383015939911 -1.09227104189498 -0.519769943268546 1.07408894876619 -0.0649280196102916 0.100589652710738 0.467311762395335 -0.686866768298382 0.357311035550203 0.991681389184236 0.0524581808732106
2.55637516244942 -0.452751223229656 -0.319916798585134 -1.10667968275982 -0.403144907570868 1.07876761438562 -0.0371097396846605 0.0568437912625018 0.467276880062992 -0.626016391155964 0.357026538269795 1.04983589149732 -0.0641319724921234
2.61532587968317 -0.517983046548736 -0.340025852495731 -1.10313029703491 -0.278039374933957 1.08086955133741 -0.00956549929125514 0.0145775240305321 0.467214632102144 -0.56288650478867 0.349591351786987 1.08855277300438 -0.189175257168186
2.67413811388775 -0.582254125365905 -0.352626175011634 -1.07898820054183 -0.150654503460705 1.08049541596931 0.0179123931591482 -0.0273201138925658 0.467227858661485 -0.49824129060341 0.334713781852486 1.10630831443439 -0.31657335520078
2.73345563124844 -0.645017243189428 -0.357856183362292 -1.03388549387875 -0.0271056229094836 1.07761086298513 0.0456292451198382 -0.0700891599072195 0.467298884584451 -0.432593619795698 0.312226938242455 1.10397465378597 -0.440193261674968
2.79403683965492 -0.705781154466395 -0.35596067005324 -0.969442708677456 0.0872348253148326 1.07200974619569 0.0739393135201824 -0.115120539186055 0.467281556916657 -0.366228591729298 0.282021356533058 1.08456324786351 -0.55451638223149
2.85645914209622 -0.76384615054012 -0.347276731800185 -0.889117977650837 0.187848505758779 1.06331779476344 0.103097979969113 -0.163835131140726 0.466851009235653 -0.299471644223315 0.244178751831072 1.05295310879156 -0.654699514994432
2.92081003243943 -0.818161525347201 -0.332390202435878 -0.798138184715802 0.271402639857005 1.05107015027112 0.133101450735306 -0.217477480721684 0.465417783785044 -0.232908624923919 0.199288751700572 1.01561566543749 -0.736820423642049
2.98692242548631 -0.867759590337783 -0.312178098662595 -0.702337503953535 0.336773460681482 1.03474568515517 0.163772869399498 -0.27723129115839 0.462021811336581 -0.166986094817386 0.148405229263098 0.979568795111924 -0.798795272018063
3.05508839901539 -0.912329842947411 -0.287467980896452 -0.606110997901691 0.385341774837392 1.0135818370194 0.195056532036702 -0.344811006066628 0.455133231434957 -0.101251994071986 0.0924114488597505 0.950922003968318 -0.840475006272349
3.12609555620317 -0.951983387716661 -0.258801333499607 -0.512002681466804 0.419679770378532 0.98638251821909 0.226958819128198 -0.422613986310768 0.442252153705102 -0.0343991305024301 0.0318425143714098 0.934616667777572 -0.861931924083634
3.19980172335116 -0.986373643041087 -0.226967911301277 -0.422641626664251 0.442247049962658 0.951994381301686 0.258792717847403 -0.511972417365748 0.419688135955786 0.0343792617394008 -0.0318248065461261 0.934614044029999 -0.861935185918443
3.26838430828998 -1.01273568583581 -0.196168999177999 -0.347363636905526 0.454799980546455 0.913808499608166 0.286524046844514 -0.602748382675426 0.386776187611654 0.0989271862276441 -0.0903550476665141 0.950112019580951 -0.841576168158108
3.3334729358148 -1.03320055696025 -0.166323282447537 -0.282471110289891 0.461612986802743 0.87161730051874 0.310305587725191 -0.694386774953148 0.341373336158579 0.161583256441505 -0.143982305277654 0.976857885243039 -0.802986322961322
3.39945213586524 -1.04982685425717 -0.135733184836525 -0.222394520863848 0.465218286552261 0.822653706989578 0.330837264693275 -0.789951144636192 0.277778719596353 0.227173147267594 -0.195104079856749 1.01234566550004 -0.742997006148614
3.46214599194031 -1.06209896281765 -0.106511624767861 -0.169741540802521 0.466751258162892 0.770312937177583 0.345864584614084 -0.879070151270735 0.198382506656986 0.291786025640071 -0.239352959846222 1.04881169207326 -0.665133764819878
3.52323164344811 -1.07098659926847 -0.0779809680315664 -0.121713798449656 0.46725602450633 0.71412317018717 0.355141106790318 -0.959010763345819 0.102291956134986 0.356863429081296 -0.277160138758751 1.08072456179547 -0.569547980641315
3.58315274558194 -1.07692796616419 -0.0499796798705327 -0.0769034995214923 0.467307454673053 0.654603631445949 0.358022681113099 -1.0250730221633 -0.00861173345052786 0.422324334718245 -0.308043001242565 1.10197652168479 -0.458695721222525
3.64232789552722 -1.08020676129302 -0.0223287040035007 -0.0340843571557429 0.467237155823827 0.592427755356975 0.353955165584769 -1.07314670528193 -0.130444298782986 0.487779005936041 -0.331626461581268 1.10723106243767 -0.33679285704084
3.70113727440484 -1.08097729081594 0.0051480245948159 0.00783990040518306 0.467210389951907 0.52840422296129 0.342558596833965 -1.10066911340452 -0.257533342663558 0.55257306785465 -0.34770662142878 1.09282921299934 -0.209677047288349
3.76012848356254 -1.07927272613198 0.0327106141658506 0.0500396564488714 0.467264245952889 0.463176356476933 0.323621554658915 -1.10740918148288 -0.383637077390039 0.616096369655051 -0.356332168824765 1.057369525034 -0.0836271685628499
3.82003153503515 -1.07497006936131 0.0607031445741935 0.0938411502250542 0.467315716652192 0.397114250455324 0.297007408220566 -1.09542942291418 -0.502918252861604 0.677855818905982 -0.357710552794758 1.00158827268913 0.0356025362094113
3.88155471518621 -1.06776777433621 0.0894503316681214 0.140676355659298 0.467131949777879 0.330482486412932 0.262674906762099 -1.06876336384399 -0.610224941705259 0.737285287923282 -0.35212523843022 0.928087008184695 0.14309299192738
3.94503148099467 -1.05723067926204 0.119079819938371 0.191890557216518 0.466258182628497 0.2637459581095 0.220943254900321 -1.03320792045825 -0.701126280122632 0.793484721152538 -0.340023074838691 0.841317363241731 0.234868097494135
4.01033189375716 -1.04287241323947 0.149460808119055 0.248640602303654 0.463922190502691 0.1975150942285 0.17270608368998 -0.99572224058417 -0.772566780678741 0.84535731901097 -0.322166891809035 0.747081638280515 0.30864459017605
4.07746364753607 -1.02407635350021 0.18045474506463 0.312320780399126 0.458895391946652 0.131818496498173 0.119006435873156 -0.962965567353306 -0.823622169236008 0.892257857002037 -0.299461180937785 0.650644786954179 0.364726777289356
4.14705609581747 -0.999852244686926 0.212085213523347 0.385067212659601 0.449188579470918 0.0656678519892068 0.0604888876010825 -0.940368802102597 -0.85452779603973 0.934184392697718 -0.272574101124429 0.555301589442996 0.405339216568812
4.21970911318894 -0.968873477322426 0.244137350796145 0.469147505174709 0.431621408713378 -0.00226141087463851 -0.00209805909954499 -0.932414723444182 -0.864717655331207 0.971134888197063 -0.242039291696599 0.463267218269473 0.433096246617829
4.29353866897425 -0.930813457268081 0.275009159003894 0.563301545512403 0.402423592730977 -0.0713398441410969 -0.065635448458151 -0.941776238192955 -0.852688971456611 1.00215330140918 -0.209373710545743 0.378474692680552 0.450265378725634
4.36007360121703 -0.890319567224489 0.300541845846609 0.654839162895945 0.362624226234753 -0.13468003994033 -0.121451257334363 -0.964215711099576 -0.821818749809589 1.02499960716482 -0.179090588512246 0.309376548203631 0.459194523574836
4.4236942301602 -0.845761851282596 0.322000220961056 0.746293679777935 0.309172291998359 -0.196975997070096 -0.172289212019409 -0.995425805815651 -0.773066946687658 1.04273784835269 -0.149711008941646 0.249132126037716 0.463894654689299
4.48806566175002 -0.794720637577327 0.339676852353209 0.839225468330253 0.236755384981522 -0.262227229853232 -0.21991247317673 -1.03234573786871 -0.702980749754012 1.05694786743056 -0.119764379176478 0.193120269538455 0.466225364772491
4.54975147527103 -0.740305705541925 0.351650538201994 0.923840942908273 0.148295950656579 -0.326999422707749 -0.260677792949223 -1.06707001271994 -0.61540500894063 1.06730512824967 -0.0909727452527699 0.143229069811668 0.467109058284051
4.61015803539546 -0.682231027203181 0.357537160052494 0.996832590108287 0.0438057665161621 -0.39232144432592 -0.29478917761009 -1.09393544054912 -0.511120420692395 1.0745524715291 -0.0627479824424041 0.0971028504408362 0.467314654176233
4.66962966275279 -0.621173437616279 0.356710802155697 1.05358004719012 -0.073639490342837 -0.457850718654071 -0.321753988947664 -1.1070914199478 -0.393631353741211 1.07902415627035 -0.0349568132080315 0.053511372757685 0.467270844084048
4.72855206572748 -0.557899927731106 0.34870418468612 1.09068859670109 -0.19909234930434 -0.523031146681632 -0.341278101405247 -1.10200310879361 -0.268120035628907 1.08093107441274 -0.00742608328087286 0.0113145120925134 0.467212384933247
4.78737855534143 -0.493161542420748 0.333239068480112 1.10681875526107 -0.326410535254832 -0.587203018384098 -0.353297608872805 -1.07621417263764 -0.140821695309746 1.08036456080484 0.0200585403926944 -0.030604582623433 0.467232230564578
4.84676792031157 -0.427448813553354 0.310153954914115 1.10302209081503 -0.449495524877949 -0.649829244429829 -0.35796324196932 -1.02952349406291 -0.0178079487002654 1.07727805798318 0.0478092870552057 -0.0734985967521219 0.467303473578214
4.90747737438613 -0.361038156475492 0.279345909019703 1.0824626908946 -0.562882989102579 -0.710413115341763 -0.35552506062921 -0.963695505920985 0.095614564539015 1.07145127181725 0.0761791516095077 -0.118767184973612 0.467268424563564
4.9700543384733 -0.294271789385477 0.240924723795588 1.05015797823062 -0.661783383505966 -0.768227529773522 -0.346332542221621 -0.882333635701133 0.194998409714478 1.062499319159 0.105407818426034 -0.167824342529484 0.466784973791489
5.03454733014776 -0.227749744474128 0.195527423904394 1.01267358434794 -0.742380456215074 -0.822204216041353 -0.330997460051398 -0.790775774221762 0.2771414779568 1.04995396051548 0.135470036147005 -0.221897810126177 0.465238978258275
5.10080055299958 -0.161871905122456 0.144220055650086 0.977001596952032 -0.802763503822851 -0.871412694509011 -0.310408734334772 -0.694812148905192 0.34112817257239 1.03328459963147 0.166188678684686 -0.28218944804684 0.461635331250461
5.16915837742636 -0.0961032213604873 0.0878511556758105 0.949150629803563 -0.842876985233872 -0.915595532017824 -0.285373775131198 -0.598675677802625 0.388491476029484 1.01169875337831 0.197522619455388 -0.350474952000937 0.454385509204388
5.24041194201417 -0.029105368274411 0.0269579602612085 0.933991329142748 -0.86272512079665 -0.954864877268856 -0.256420201309052 -0.504819908307098 0.421830666297174 0.983970245543266 0.229462241047844 -0.429171420835649 0.440894454499477
5.31422389829181 0.0397758692068855 -0.0367954364021434 0.935358437396843 -0.860986665431393 -0.98879465768549 -0.224414531716684 -0.416016463609865 0.443572283379433 0.949018788478603 0.261209968118828 -0.519341973786978 0.417414382051959
5.38248784297624 0.104113434058375 -0.0949358275763218 0.951941368381368 -0.839083287754494 -1.01461512094411 -0.193690022846993 -0.34169082116186 0.45553207070727 0.910501686885737 0.288625850423316 -0.610250547219508 0.383551217047224
5.44734486637667 0.166690910513205 -0.148163038210603 0.979420254102461 -0.799026812545701 -1.03466319572612 -0.163915138776692 -0.277518706713315 0.461998820649678 0.86797228521291 0.312078176987296 -0.701901547389147 0.337027991896023
5.51307391237841 0.232213425868589 -0.198782490684882 1.01521969253219 -0.737576442734489 -1.05092231925581 -0.133423233720027 -0.218073307564923 0.465393321908875 0.818708893387215 0.33220572440491 -0.797146384967268 0.272183120825614
5.57560842137489 0.296840012597503 -0.242535249979905 1.0515443165263 -0.658299215396067 -1.06290697299891 -0.104268756046854 -0.165851783854828 0.466817499582475 0.766066960401402 0.34680400602676 -0.885692532671468 0.191481715813592
5.63658686672707 0.361953647536376 -0.279818641960595 1.08284104483185 -0.561415278683861 -1.0715513345226 -0.0757859289990474 -0.118123296881479 0.467270232944792 0.709597686986222 0.355604570959643 -0.964717747950375 0.0941450457390689
5.69643656826414 0.427433426904481 -0.310145005587001 1.1030226944188 -0.449524391132505 -1.07727694332756 -0.0478178387528341 -0.0735092452993013 0.467302910416228 0.649843516423074 0.357962844339835 -1.0295134491195 -0.0177785192837231
5.75556801882875 0.492860878249712 -0.333147566151851 1.10684933959837 -0.326992195953049 -1.08035615146229 -0.0201876290911721 -0.0307994321079002 0.467232008505931 0.587495273212577 0.353335195243024 -1.07604990749047 -0.140239812552882
5.81436885275066 0.557575896445873 -0.348642097409654 1.09082728960194 -0.199736426282892 -1.08093437125578 0.00728498618912469 0.0111022496863439 0.467211837210398 0.523358474809901 0.34135711122053 -1.10192953928828 -0.267475410927506
5.87340305181633 0.620978466379747 -0.356694194254362 1.0537324726959 -0.0740219530866615 -1.07903406721095 0.0348679150497418 0.0533768800271066 0.467270250467248 0.4580556008312 0.321826279204621 -1.10710935272301 -0.393248297380587
5.93340915730674 0.682579518828717 -0.357518682669031 0.996453575845586 0.0444587191766548 -1.0745185674753 0.062908827141548 0.097362701763181 0.467314211374543 0.391939048646581 0.294609855527484 -1.09381627760877 -0.511772930551198
5.99507935611901 0.741794655067319 -0.35140605303605 0.921734725178342 0.150852466988585 -1.06707319299628 0.0917237515819613 0.144493249963605 0.46709664762138 0.32527853792896 0.259682301454089 -1.06622797514195 -0.617949114609965
6.05870614390178 0.79769487845621 -0.338823969956903 0.834167180871398 0.241276875218135 -1.05625639383414 0.121418745313848 0.196098121207217 0.466141660867414 0.258561515377926 0.217405224643056 -1.03026530207862 -0.707418536085549
6.12414152245191 0.84919345068918 -0.320558554409981 0.739592752854341 0.313629747534049 -1.04157789655952 0.151850229858943 0.253329994031506 0.463647696394878 0.192384445870341 0.168708324551039 -0.992922746885848 -0.777277443928927
6.19143501144067 0.895701002017462 -0.297507445681363 0.643148146966287 0.368412726790187 -1.02240073384506 0.182891734566627 0.317629572007216 0.458340817045617 0.126699731827594 0.114615711114737 -0.960777718973503 -0.826753543835805
6.26125530129481 0.937246313359913 -0.270314428451142 0.547981881369164 0.407932659526593 -0.997698922070058 0.21457157016768 0.391188728265968 0.448153471055639 0.0604526087101427 0.0557428582834624 -0.939170609635133 -0.856086130582232
6.3341232874027 0.97378595635921 -0.239534749673195 0.45632772816071 0.434786523689328 -0.966149413774827 0.246616752080579 0.476186635476943 0.429807428424122 -0.00763654258438534 -0.00708200240738387 -0.932514363637654 -0.86459395211345
6.40784355563412 1.00427687527292 -0.206821516960283 0.372339984198108 0.451230158361424 -0.927607130901637 0.277273626347393 0.570856887953403 0.399594461690997 -0.0766697443712847 -0.070452109387109 -0.943196872151511 -0.850824620052421
6.47410939445927 1.02665221289532 -0.176612772678835 0.304066460411052 0.45971567025287 -0.886772576561189 0.302481303051725 0.662471375647394 0.358730260424866 -0.139879636334136 -0.12586853037289 -0.966537836058446 -0.818445930677736
6.5375400273726 1.04402074353495 -0.147296727480379 0.244438479463498 0.464157808826477 -0.841864970432179 0.323590349343484 0.753839566567548 0.304048008802074 -0.202155773102769 -0.176293621863104 -0.998278046031046 -0.768205817628551
6.60170037878275 1.05790078898562 -0.117436807372112 0.188962936794598 0.466335420792354 -0.79051990325631 0.340838117211173 0.846300759784471 0.230313923686698 -0.26738088572931 -0.22340130983906 -1.03526369657907 -0.696649344479052
6.66325597041015 1.06799184092055 -0.088701795096363 0.139433455852927 0.467142982705828 -0.735805672759514 0.352348856458264 0.93014892752254 0.140533861179288 -0.33218616816104 -0.2636470613619 -1.06958238337547 -0.607676843885117
6.72357433853611 1.07500744509895 -0.0605173403901906 0.0935532459142973 0.467315895848729 -0.677467384339466 0.357721983332843 1.00200570583599 0.0348727083783291 -0.397540060759484 -0.297204642942652 -1.09555895175028 -0.502188604227059
6.78298827739967 1.07926872478578 -0.0327533735963498 0.0501132635892561 0.467264325436032 -0.616203506253344 0.356338387669567 1.05729158396055 -0.0834156398910493 -0.463065218532442 -0.323585014073217 -1.10740484754981 -0.383848685544983
6.84188353222204 1.0809768395554 -0.00523561711219862 0.00798098839742869 0.467210245106624 -0.552788616839467 0.347745684187157 1.09274608719394 -0.209248269211543 -0.528188222715936 -0.342510067074958 -1.10072707559137 -0.257961975895081
6.90072774226491 1.0802134395096 0.022257364402499 -0.0339673243747058 0.467236626163079 -0.487958812783187 0.331678872887431 1.10722004835955 -0.336445927423307 -0.592254626726411 -0.353936237289929 -1.07325272398484 -0.130790698739773
6.96019443187096 1.07691922964667 0.050044542266201 -0.0769973828131413 0.467307052754353 -0.422182008519571 0.30798150341314 1.10194651816685 -0.458949175852805 -0.654737221127105 -0.35802604567934 -1.02494913535371 -0.00835787690154803
7.02103758085858 1.07085948796531 0.078476618296757 -0.122516898681431 0.467251696688108 -0.355727610616467 0.276558281207278 1.0802440799954 -0.571349058173516 -0.715131877348842 -0.355034899504035 -0.957727181313965 0.104097361485408
7.08377178097574 1.06163906588837 0.107776106835885 -0.171931279906763 0.46671025434687 -0.288956549350009 0.237550025206413 1.04727033260931 -0.668912524573267 -0.772682516538367 -0.345326132042298 -0.875339052702544 0.202202270226398
7.14840759803659 1.04878654145536 0.137896553890214 -0.226451922227099 0.465042719214851 -0.222480268770468 0.191641764904126 1.00967986511889 -0.74793880794559 -0.826306272684889 -0.329538318794339 -0.783227942891792 0.28289608873074
7.21480610369663 1.03176021686158 0.168662803253217 -0.287303672100634 0.461216934204592 -0.156645427041769 0.139907056660321 0.974428176351425 -0.806694627890521 -0.875114789819815 -0.308569859913538 -0.687124504250792 0.345477693685929
7.28336497955887 1.00973564274111 0.200048066618062 -0.356325800004481 0.453581723439482 -0.0908329837719203 0.083157907878473 0.947420293766484 -0.84520736947797 -0.918902658969192 -0.283205974496534 -0.591094493762004 0.391625646038488
7.35486990006236 0.981458570660184 0.232021447854861 -0.435944902466004 0.439442609306572 -0.0236813400466374 0.0219421241024055 0.933457113375582 -0.863401310832459 -0.957777230613549 -0.253963571957266 -0.497512210909578 0.423958701525887
7.42876180471712 0.945939296028167 0.263663159472279 -0.526910910823728 0.415006460957591 0.0452867368429034 -0.0418646794031649 0.936226272458125 -0.859876172506107 -0.991226032871072 -0.221798480069114 -0.409315361634397 0.444869711548516
7.49670734702933 0.907082124823256 0.290754996413041 -0.617947869961185 0.38015261381565 0.109421736637555 -0.0996045932527293 0.953892495798533 -0.836399858450562 -1.01650386146081 -0.191150403160311 -0.335944625837348 0.456247244634913
7.5613345241608 0.864204557536369 0.313867857461949 -0.709599170319446 0.332465240551528 0.171928839215169 -0.152421188343513 0.982092122075294 -0.794839399282045 -1.03613339675154 -0.161446669118436 -0.272492951755848 0.462374158730517
7.62681375350468 0.814633700506022 0.33357825986882 -0.804495488834289 0.266329302623949 0.237389244975101 -0.202524791881816 1.01817422031645 -0.731891594910444 -1.05202294548112 -0.131053467987003 -0.213678731482161 0.465562292286495
7.68919043646881 0.761683131945924 0.347732552741279 -0.892427722045314 0.184286700791168 0.302033997450051 -0.24576686202085 1.05431525841533 -0.651167042841433 -1.06371712939598 -0.101965690720429 -0.161887536370016 0.466880342050265
7.75006291869151 0.704929250313711 0.356040265350396 -0.97048337689897 0.0856817104748292 0.367185362052564 -0.282509995748079 1.08494013285462 -0.552964566976079 -1.07211461236628 -0.0735302696023162 -0.114456755955649 0.46728285650125
7.80984241606612 0.644938279336147 0.357857428774388 -1.03395167400364 -0.0272634281145249 0.432682177953528 -0.312262555635701 1.10398812550774 -0.440034621870581 -1.07762045728968 -0.0455948731386871 -0.0700364515041015 0.467298049985105
7.86893221207083 0.582417694727576 0.352651971797199 -1.07889354865679 -0.150333559065622 0.498078013216967 -0.334667504753119 1.10632520267938 -0.316893758519425 -1.08049570794455 -0.0179844670440803 -0.0274316540225944 0.467227317585047
7.92772875217323 0.518167923903428 0.340075062757674 -1.1030854921777 -0.277679842534804 0.562708699904534 -0.349561119636444 1.08863075183687 -0.18953409045492 -1.08087662380796 0.00948605687877093 0.0144547403408377 0.467213932989724
7.98681289010622 0.45278942203372 0.319933018068451 -1.10667683768563 -0.403076283857457 0.625984985652913 -0.357025615536794 1.04986152134782 -0.0642000128245798 -1.07877440768664 0.0370925974683427 0.0568153163378126 0.467276296682037
8.04693047975183 0.386617717284974 0.292097040814516 -1.09206117310277 -0.520791507561366 0.687420462589731 -0.357282825742046 0.99106089150989 0.0534806589869423 -1.07403817987471 0.06518578492753 0.101000281592884 0.467310848574423
8.1087546765596 0.319930048757169 0.25655969030695 -1.06356336623009 -0.625778133230308 0.746410042929232 -0.350631165640212 0.915119957756417 0.158722735029449 -1.0663400916864 0.0940714753332616 0.148443408473676 0.46705539820086
8.17253521677654 0.253236692965244 0.213727811962187 -1.02722792766788 -0.713757099745221 0.801995975902077 -0.337560908558078 0.826770584102774 0.247745405008736 -1.05523266886732 0.123833096595891 0.200457343565111 0.466011694736484
8.2381101997633 0.187114250908826 0.164564808789762 -0.990075163331802 -0.781986296641773 0.853106757418244 -0.318880729612732 0.731881399789502 0.318639125814397 -1.04022100832707 0.154315920822971 0.2581937635423 0.463347170827376
8.30557531101514 0.121434155366626 0.110071496993618 -0.958592838078318 -0.829841745886395 0.899211286604515 -0.295478505047206 0.635448207783521 0.372102528107346 -1.02064544197114 0.185407008053588 0.323144630294797 0.45773921777905
8.37563524918684 0.05507797910515 0.0508369583756082 -0.938031704293824 -0.857553151870521 0.940365304943266 -0.267973737176711 0.540476299041918 0.410516610139444 -0.995443284048418 0.217136778801103 0.397555405251906 0.447036541731077
8.44871217884531 -0.0131716132376743 -0.0122121098501628 -0.932728021281075 -0.864319472533331 0.976475857940595 -0.236952010703449 0.449239163961173 0.436456001579523 -0.963304244702923 0.249164120553612 0.483488857319902 0.427863470953808
8.51860019161626 -0.078653474899348 -0.0722397581844515 -0.943747084572447 -0.85009367708123 1.00506006427482 -0.205875143940916 0.370071666919418 0.451576394980795 -0.92640658937547 0.278114902125368 0.573675417653029 0.398517282100435
8.58465971962313 -0.141713081424701 -0.127418741218195 -0.967368668439908 -0.817223880908154 1.0272297386531 -0.175743688480528 0.302206776853545 0.459891649985058 -0.885516657228402 0.303162429698723 0.665161891586363 0.357332230923095
8.64802182695778 -0.203980952099451 -0.177695408214609 -0.999286064064208 -0.7664616137802 1.04446872973566 -0.146451189943171 0.242795579981606 0.464245560728585 -0.840487777636215 0.32414659815778 0.756490484082602 0.302216053051616
8.71211035640096 -0.26919907590697 -0.224621850467188 -1.03628593794447 -0.69438709737002 1.05823406700699 -0.116620901234468 0.187504930139887 0.466371238900678 -0.789034991100019 0.341242751701657 0.848781007804586 0.228015858469342
8.77362147824503 -0.334016674565654 -0.264684013682519 -1.07045196649321 -0.604924633062535 1.06823213757623 -0.0879053273456351 0.138100377228352 0.467153142854322 -0.734215463010577 0.352589341028154 0.932351589264855 0.137771490208213
8.83390998040415 -0.399381785629777 -0.298045856074092 -1.09610594080669 -0.49901726565632 1.07516657802234 -0.059734595790069 0.0923047806539775 0.467315264138953 -0.675784792392561 0.357780451864161 1.00380116015271 0.0317020015173672
8.89330468038343 -0.464904939433372 -0.324219822792414 -1.10748270791863 -0.380385570470667 1.07935397239733 -0.0319797548138191 0.0489163734947468 0.467261395542748 -0.61444903296396 0.356199577606233 1.05856633442388 -0.0868758250720801
8.95219167571006 -0.530007096178932 -0.342933662608543 -1.10024060562789 -0.254376147675642 1.08099208884837 -0.00446598885958614 0.00680498220043835 0.467209085536703 -0.550984992669436 0.347399651468129 1.09343562342745 -0.21283293786106
9.01104382342028 -0.594035948515767 -0.354150890538706 -1.07217151478128 -0.127258883528669 1.08015911582671 0.0230307074812521 -0.0351557814664934 0.467237821346269 -0.486123167310943 0.331120183057454 1.10732729624777 -0.3399789378176
9.07053966904468 -0.656467596869903 -0.358037975973722 -1.02330161565379 -0.00503885180961791 1.07679119965221 0.0508315907375207 -0.0782362435579142 0.467307819184729 -0.420323602782306 0.307206385236201 1.10153785921171 -0.462268967375111
9.13143154113023 -0.716794802633512 -0.354852214560572 -0.955593274565286 0.10706857481164 1.07064853651033 0.0792863003898499 -0.123846750975296 0.467244884440536 -0.353853733876824 0.275565914170722 1.07944002554058 -0.574313459252176
9.19422192829421 -0.774251020868198 -0.344962134259737 -0.872851197199256 0.20471750068961 1.06133249496988 0.108611024534399 -0.173389329439959 0.466682154578166 -0.287081474101683 0.236351109725339 1.04624052663921 -0.671399655267776
9.25890850972664 -0.82774906035556 -0.329015821929717 -0.78055365989027 0.28489884694642 1.04837057413239 0.138752026700562 -0.228069881554631 0.464970334317826 -0.220621513776831 0.190263795229156 1.0086235414449 -0.749869181264246
9.32535953186241 -0.876416318041751 -0.307914392795493 -0.684406928191989 0.346987337004203 1.03121679884256 0.169535354817883 -0.289122444133023 0.461063860539482 -0.154800480800809 0.13837903797761 0.973529372325011 -0.808051197543685
9.39399132707946 -0.920065126192812 -0.282434941419996 -0.588417734058648 0.392710459084701 1.00903513015792 0.200939077565841 -0.358408873816965 0.453288753249469 -0.088970003965113 0.0814958638541556 0.946826607875612 -0.84599921233417
9.46558524146248 -0.958799698011127 -0.253091576198609 -0.494935842160232 0.424691991664906 0.980562187246453 0.232923502906514 -0.438356249042355 0.438914968366019 -0.0217624892353281 0.0201680732920959 0.933292091202587 -0.863606960030924
9.53949855412401 -0.99207598103611 -0.220874320856156 -0.406962308257901 0.445313132923972 0.944844286065872 0.264523520021735 -0.529594468361619 0.414136919367331 0.0472316949702348 -0.0436491991655782 0.936556776619519 -0.859450052291303
9.6073334309144 -1.01716455101774 -0.190253374528024 -0.333924579070098 0.456490832499321 0.905866492517213 0.291500626550361 -0.620675083394959 0.378929137097875 0.111298058500522 -0.101247252022337 0.954599662465056 -0.835419969597196
9.6718809246331 -1.03664779983993 -0.160574602809634 -0.270723823581409 0.462501167900157 0.86286534509109 0.31449293442189 -0.712323369691741 0.330826558329789 0.173782454748837 -0.153918331612256 0.98304719327315 -0.793327726229946
9.73727325529222 -1.05240798099693 -0.130215958258865 -0.212129304549057 0.465618686297959 0.813185581664431 0.334055153170692 -0.807091556881327 0.264231959310959 0.239222399332501 -0.203839194911826 1.01922086143038 -0.729850645608918
9.79959515308888 -1.06400016054721 -0.101151462026509 -0.160487756693415 0.466900550059619 0.760125898780739 0.348051435066666 -0.894800321233937 0.181714583754433 0.303874261766473 -0.246899973040157 1.05528807792735 -0.648615133814051
9.86043072756871 -1.07231068096557 -0.0727326395467301 -0.113160411439712 0.467286110211542 0.703271947176086 0.356183706842235 -0.972505703908488 0.0826636532460073 0.369038733789484 -0.283451067295504 1.0856661153482 -0.549949763457549
9.92018566688684 -1.07773892649581 -0.044808736252109 -0.0688071726454832 0.467295592030455 0.643198342167484 0.357808490922296 -1.03549781541497 -0.0306365572733824 0.434540584328318 -0.312999754670186 1.10430498806045 -0.436659034757072
9.97926098874958 -1.08054202116715 -0.0172052491531623 -0.0262381567624609 0.467225156616744 0.580618134339732 0.352398007361386 -1.07987163313304 -0.153913047186507 0.499923886827419 -0.335192758208223 1.10610978989551 -0.313312109430237
10.0380565369721 -1.08085297945487 0.0102647539954305 0.0156443573423956 0.467214220336644 0.516329493606344 0.339608935273295 -1.10346629522274 -0.281288739278956 0.564523485848521 -0.349873689268725 1.08782193788035 -0.185925481057688
10.0971591348745 -1.07867895715348 0.0378799884990061 0.0580371265826699 0.467277845334115 0.45092493664588 0.319250486053149 -1.10649896070695 -0.406542997881381 0.627754020507598 -0.357130474552155 1.04846183412428 -0.0607348474527342
10.1573168630988 -1.07386401616167 0.0659919507793152 0.102294476799478 0.467308695755831 0.384734335244518 0.291195359811928 -1.09142166426308 -0.523963883004071 0.689129680917148 -0.357187310591242 0.989127187463606 0.0566551872482406
10.2191955564254 -1.06607573820081 0.0949026023967868 0.14984991517397 0.467039115097545 0.318038089762047 0.25544300230822 -1.06261111906356 -0.628522744201159 0.748037648438764 -0.350345604705007 0.912761203889593 0.161483629103614
10.2830297615501 -1.05486470254881 0.124687304856806 0.202009936997114 0.465962804215238 0.251354350510128 0.212416584827653 -1.02615452286495 -0.715969873790288 0.80351035203868 -0.337103889684459 0.824144585867838 0.25000706957505
10.3486538671238 -1.03973418646544 0.155187904495801 0.259926728596056 0.463236021065041 0.185251296696082 0.163090502869234 -0.98907867622819 -0.783621634365834 0.854482889769353 -0.318278407365034 0.729151947632135 0.320385613300793
10.4161805600898 -1.02001606016227 0.18629647149525 0.325111179441258 0.457518439324764 0.119571196253273 0.108456452055854 -0.957838443487557 -0.830904383530429 0.900444863908994 -0.294752923551103 0.632727264046299 0.373385944205665
10.4863260577989 -0.994634725435481 0.218043440937346 0.399826625829775 0.446628397756376 0.0531743594507163 0.0490951633395669 -0.937653730282442 -0.858041176649193 0.941460365984762 -0.267138604276912 0.537827104452667 0.411412778892818
10.5594731023369 -0.962286841804109 0.250061495590039 0.486088014104264 0.4271568175881 -0.0151303799528666 -0.014027637853764 -0.932832153837441 -0.864188681943975 0.977417221756973 -0.236033857736274 0.446744139733176 0.437031864355875
10.6292379283036 -0.925270491538365 0.27890125223948 0.576334022072915 0.397492423744489 -0.0805195543998604 -0.0739201560797652 -0.944278710250238 -0.84939113008111 1.00579004593822 -0.204981096159715 0.367944688177323 0.451898706336621
10.6952037204606 -0.884262100537868 0.303833534198947 0.667840535318851 0.355930174920349 -0.143535448096028 -0.12895711406376 -0.968204532072769 -0.815995410742973 1.02779754863389 -0.174876420135186 0.300363996753918 0.460065235822624
10.7585013109152 -0.839110114611403 0.324694043283649 0.759132427388232 0.300377738545568 -0.205799084924584 -0.179088323628981 -1.0002960331691 -0.764710501966757 1.04490919953598 -0.145605719654668 0.241163605780869 0.464332763421189
10.8225180672424 -0.787550609227428 0.341638539089943 0.851249323364341 0.225713368983986 -0.271010089224608 -0.225833488009656 -1.03730527173213 -0.692120799986991 1.05856069845203 -0.115805051080287 0.186055948367792 0.466407431003006
10.8839850896653 -0.732626466507671 0.352821065455094 0.93454008070245 0.135007070722036 -0.335840004216989 -0.265712360221741 -1.07131464687288 -0.602171229914633 1.06846647072466 -0.0871087052333516 0.136774566170428 0.467164159192597
10.9442437418305 -0.67410443737557 0.357830330924009 1.00558048493236 0.0285333027134418 -0.401215789241752 -0.298878700623065 -1.09664284925662 -0.495849015219269 1.07532022661732 -0.0589516303009426 0.0910623643242603 0.467315712505827
11.0036191099887 -0.612697937303499 0.356052579581751 1.05982435913413 -0.0903287534658041 -0.466736168966525 -0.324846687674065 -1.10754893230921 -0.376930852495277 1.07943410627002 -0.0312058919076841 0.0477245731750741 0.467259605961081
11.0624977711838 -0.549185798271346 0.347046090402141 1.09410981621405 -0.216404843570298 -0.531816718103582 -0.343350005080976 -1.09974303928769 -0.250804166918844 1.08100251637492 -0.00369608532116434 0.00563322307364152 0.467209010489142
11.121357860642 -0.484292757199818 0.330554803128761 1.1074224857885 -0.343494431039706 -0.595807420027624 -0.354359190764534 -1.07108167781754 -0.1237455205736 1.08010017722744 0.0238043876357742 -0.036340807970956 0.467239951613307
11.180882825526 -0.418471067638787 0.306425550452385 1.10112183439071 -0.465567601923859 -0.658187599808973 -0.35804455848571 -1.02164939222491 -0.00174167255767455 1.07665866744776 0.0516190080333254 -0.0794724421658049 0.467309274481534
11.241823086289 -0.351986431396422 0.27456907715692 1.07863432248855 -0.577254103014146 -0.718446705072692 -0.35466530320341 -0.953459796157 0.110015718307323 1.07043313646911 0.0800962260464908 -0.125174526331549 0.467238384706823
11.3046688391043 -0.28521385440272 0.235149478898365 1.04521539294022 -0.67386170840027 -0.775807710832511 -0.344595282485433 -0.870369863212134 0.207207895806084 1.06102156523523 0.109445803587069 -0.174845529728085 0.466653812594187
11.3694052660149 -0.218770769484501 0.188885151263817 1.00757763017955 -0.751775212410797 -0.829179625132594 -0.328492039576623 -0.777891574755375 0.286878282125747 1.04795039461709 0.139606888312807 -0.22968605542418 0.46489693028505
11.4359084179656 -0.152963197639933 0.136852016700998 0.972644960671502 -0.80938581081741 -0.877705995196266 -0.307259018458394 -0.681705106393863 0.348477157596671 1.0306691928362 0.170407001757396 -0.290939854277639 0.460908653220739
11.5046130807289 -0.087113766361109 0.0798361316035698 0.946249740581309 -0.846771342016018 -0.921216464187003 -0.281665058116467 -0.585758446450484 0.393779404645926 1.00833023054811 0.201828926512898 -0.360491294130825 0.452991937370092
11.5762949781597 -0.0198501382651872 0.0183984823406669 0.933145066497357 -0.863793962193794 -0.959811348834703 -0.252221999486091 -0.492378763311248 0.425412837136348 0.979661487099887 0.233823517145425 -0.44076630318611 0.438381125057446
11.6502254160202 0.0491674216153461 -0.0454242509335578 0.936902808366207 -0.859007426919529 -0.992914670077732 -0.219955230741435 -0.404632426965753 0.445747218026013 0.943747248462382 0.265379481674994 -0.532270381400454 0.413260208893517
11.7179508866232 0.113167104650567 -0.102880655267771 0.955317308303221 -0.83442648358866 -1.01781636507256 -0.18936141111784 -0.331923843322002 0.456728989728282 0.904649260421987 0.292242066385612 -0.62339346498122 0.377697493860378
11.7824197445996 0.175630195135942 -0.155406447539772 0.984007862336522 -0.791804020352868 -1.03715508651728 -0.159707418564087 -0.268970910059155 0.462625069414076 0.861524891381337 0.31511386610386 -0.715036952277367 0.329178950938793
11.8477261606304 0.241050684655338 -0.205144897564085 1.02026794025751 -0.727799384467099 -1.05278739117265 -0.129383038581058 -0.210593366639602 0.465673489159179 0.811736706517309 0.334527936145144 -0.809674573617909 0.26212589530792
11.9099940159859 0.305710190215517 -0.248024562326788 1.05625645461897 -0.646054919910334 -1.06427864118911 -0.100341550875824 -0.15909947564723 0.46692003801458 0.758568450973592 0.348366113202614 -0.897156978971741 0.179134881895754
11.970793193871 0.370887843330352 -0.284383713947129 1.08638316911205 -0.546929859031697 -1.07250302047532 -0.0719391155993422 -0.111874080712829 0.467289169525016 0.701615177144963 0.356322829546472 -0.974509088399223 0.079640689506681
12.0305239547094 0.436394475690442 -0.313728698901143 1.10460952219274 -0.433282950493292 -1.07785432503502 -0.0440265294881207 -0.067586739209985 0.467293254505147 0.641459849344574 0.357755228389265 -1.03702278298275 -0.0340103040118549
12.0895852016677 0.501764899944076 -0.335710134145267 1.1058804742391 -0.309735382661063 -1.08058580863842 -0.0164297619320298 -0.0250524746993679 0.467223290308479 0.578820908694338 0.352139896077298 -1.08082799953973 -0.157487907647416
12.1483803050754 0.56633319778882 -0.350178966092974 1.08699967497439 -0.182326957550984 -1.08082724273036 0.0110399959009313 0.0168271918654506 0.467214873036676 0.514494044941532 0.339138970192044 -1.10382686683984 -0.284887915485692
12.2075020291513 0.629517910830137 -0.357228715717994 1.04705081910129 -0.0572839864984391 -1.07858171346993 0.038664257108513 0.0592532344092333 0.467279739063861 0.449063802639789 0.318564458609482 -1.10630405351052 -0.409995752565422
12.2677004737545 0.690833624337118 -0.357085875129994 0.987185607051756 0.0598121989483077 -1.07368822312939 0.0667952817197959 0.103584027252165 0.467306757601305 0.382854598792264 0.2902905934102 -1.09076963430392 -0.527118956549613
12.3296338527758 0.749659579629465 -0.350054941978927 0.910399310883819 0.164224806536159 -1.06580984596422 0.0957309872743105 0.15125262827669 0.46702275579697 0.316150266334755 0.254323954704618 -1.06165193916051 -0.631247562333129
12.3935215357424 0.805018597900338 -0.336642826309799 0.821520865219523 0.252248508863603 -1.0544952956121 0.125538660528513 0.203559325175009 0.465913328840677 0.249476697711754 0.211104165781287 -1.02508019039453 -0.71816183770428
12.4591948420709 0.855852984371405 -0.317673099413824 0.726429027876716 0.3221136327182 -1.03924592916807 0.156057001037558 0.261657275488846 0.463123471970595 0.183392944796663 0.161616098376267 -0.988086303365561 -0.785237104688795
12.5267837365409 0.901673012277485 -0.29402510322968 0.630015117383414 0.37465387184408 -1.01938495166847 0.187183176291883 0.327076642716814 0.457294908921258 0.117711939390982 0.106841926937798 -0.957091760100227 -0.831948780765338
12.597015255297 0.942550481793701 -0.266301852009699 0.535188166046386 0.412296338845691 -0.993823942646661 0.218947234993016 0.402097968359299 0.446215293716458 0.0512734608529569 0.0473546170166842 -0.937286134405684 -0.858511632562148
12.651827964 0.969975733650385 -0.24312119586303 0.466301197414112 0.432340711721432 -0.970052178797684 0.243051177927737 0.466099125903848 0.432390086556426 7.64451472964958E-05 7.00179352950206E-05 -0.932400323317959 -0.864730798277859
