-1 0.35322690848236
-0.857142857142857 0.260177126820411
-0.714285714285714 -0.0843488475452459
-0.571428571428571 -0.544480779430265
-0.428571428571429 -0.832206835368328
-0.285714285714286 -0.697096079644103
-0.142857142857143 -0.140108766172426
0 0.54030230586814
0.142857142857143 0.940078204988361
0.285714285714286 0.838260322550705
0.428571428571428 0.345363372594371
0.571428571428571 -0.203765299950116
0.714285714285714 -0.505401482615896
0.857142857142857 -0.474679445944186
1 -0.240462049968584
