-1 -0.00993058126458563 -0.127881702756981 -1.47922995940072 -0.000709617290658528
-0.959183673469388 -0.016562562440918 -0.201837567667673 -2.17816084755598 -0.00124004534937825
-0.918367346938776 -0.0268523214776982 -0.308528675775649 -3.08476517816332 -0.00211127124304374
-0.877551020408163 -0.0423092678665809 -0.456394097657409 -4.19117435005527 -0.00350222127842114
-0.836734693877551 -0.0647693939771796 -0.652689273967162 -5.4442364676687 -0.00566025787857891
-0.795918367346939 -0.0963042944894679 -0.901277307221711 -6.72826987588913 -0.0089129596203031
-0.755102040816326 -0.13902675782777 -1.19980656577022 -7.85326301158968 -0.0136741627833528
-0.714285714285714 -0.194774213781631 -1.53663077388886 -8.55523974086053 -0.0204396115481202
-0.673469387755102 -0.264671602882415 -1.88810968055338 -8.51556458643763 -0.0297671746524577
-0.63265306122449 -0.348606476409494 -2.21716783843728 -7.40370583836217 -0.0422372543462537
-0.591836734693878 -0.44468752207513 -2.47408097463624 -4.94299709125814 -0.058391122991845
-0.551020408163265 -0.548795009796602 -2.60029874764981 -0.99170355694839 -0.0786486119393391
-0.510204081632653 -0.654356032402049 -2.53563560555451 4.37621436011658 -0.103211569484931
-0.469387755102041 -0.752476050854665 -2.22838963057984 10.8122988099242 -0.131965007788612
-0.428571428571429 -0.832521467165208 -1.64701769959924 17.6797341397794 -0.164392605523067
-0.387755102040816 -0.883173844350555 -0.791145276449778 24.1018558719256 -0.199525705668726
-0.346938775510204 -0.893874270777425 0.300784576026575 29.0777223336702 -0.235943771742331
-0.306122448979592 -0.856467128063102 1.54975948115948 31.6517729966181 -0.271838687980094
-0.26530612244898 -0.766764949857267 2.8419750058539 31.1066432788793 -0.305145590611924
-0.224489795918367 -0.625719235774903 4.04222877710646 27.1358339167052 -0.333730591043253
-0.183673469387755 -0.439915895874804 5.01317516729305 19.9512599414036 -0.355613321886421
-0.142857142857143 -0.221220905988757 5.63703568582277 10.2920199244163 -0.369192705787524
-0.102040816326531 0.0144368412518021 5.83541456352404 -0.676818101265509 -0.373440389670274
-0.0612244897959184 0.248979185166456 5.5829730050658 -11.5588840573181 -0.368029429678207
-0.0204081632653061 0.4644703547168 4.91192137573259 -20.9732598865047 -0.353375873954729
0.0204081632653061 0.645383373065989 3.90631335609364 -27.7977607478759 -0.33058590245135
0.0612244897959182 0.780443587678162 2.68742737574393 -31.3542167107305 -0.301317848522619
0.102040816326531 0.863746065831294 1.39346390741005 -31.4972863326985 -0.26758300181915
0.142857142857143 0.895000604458698 0.157843768063888 -28.5946211856251 -0.231518413009312
0.183673469387755 0.87893503038784 -0.909706341786026 -23.4151804731241 -0.195167265671181
0.224489795918367 0.824037133921872 -1.73629634746057 -16.9663026557273 -0.160297906545213
0.265306122448979 0.74089928232873 -2.29220665320408 -10.3317934837425 -0.128283284255972
0.306122448979592 0.640429076295898 -2.59143194882976 -4.55555341078231 -0.100051495583396
0.346938775510204 0.532118466200053 -2.68865019785891 -0.579523846053824 -0.0761086675758649
0.387755102040816 0.422482651028561 -2.67391961765271 0.821851782382082 -0.0566293292224371
0.428571428571428 0.313796257727673 -2.66251976265493 -0.761169199839363 -0.0416050945883422
0.469387755102041 0.203473105417525 -2.77185656634767 -4.92725041729101 -0.031033586324306
0.510204081632653 0.0848222589033827 -3.07599370327494 -9.85955703484895 -0.0251077192284674
0.551020408163265 -0.0498828513668341 -3.54008132585903 -12.0658003761557 -0.0243297785216763
0.591836734693877 -0.203706513443605 -3.96500499406668 -7.27241419767406 -0.0294452364492088
0.63265306122449 -0.368281583433486 -4.00120488242893 7.09420955123939 -0.0411125287385969
0.673469387755102 -0.519977925999531 -3.28355673085281 28.7564239454174 -0.059339512839863
0.714285714285714 -0.623905162545927 -1.66819162739793 49.2268597476355 -0.0829089907962934
0.755102040816326 -0.647652443171001 0.556357483212475 56.6872262165991 -0.109169738040268
0.795918367346939 -0.579992108261399 2.66474925010365 42.8637486274713 -0.134518558330597
0.836734693877551 -0.443680717524802 3.78794659826503 9.79736223743085 -0.155567128176969
0.877551020408163 -0.291878967264862 3.38427305165213 -28.9858668041532 -0.170522172612543
0.918367346938775 -0.186556277645689 1.59783307113753 -55.0254413838264 -0.180036139395101
0.959183673469388 -0.169241111793954 -0.751746390421166 -55.3698314507711 -0.18696842339133
1 -0.240483418692205 -2.56378102306775 -29.807150623008 -0.195076528096493
