-1 -0.0108960597368459 -0.137666890285168 -1.55901155975726 -0.000792541410960788
-0.959183673469388 -0.0179983063148508 -0.215197924055605 -2.27294787811187 -0.00137147731548464
-0.918367346938776 -0.0289154274090788 -0.325971389663309 -3.18863018318264 -0.00231354076575597
-0.877551020408163 -0.0451712595722839 -0.478084971263157 -4.29321598021392 -0.00380441194423338
-0.836734693877551 -0.068598048528458 -0.678244511299175 -5.528519606779 -0.00609845413397688
-0.795918367346939 -0.101237282940926 -0.929580410695441 -6.77520082661343 -0.00952958148024989
-0.755102040816326 -0.145139444917648 -1.2289175875415 -7.8427732467335 -0.0145160926419487
-0.714285714285714 -0.202046913111594 -1.56386230842 -8.47171137947229 -0.0215549723952948
-0.673469387755102 -0.272964392681906 -1.9103283179329 -8.35376889609676 -0.0312008946600155
-0.63265306122449 -0.357651265684324 -2.23133502571992 -7.1742981109532 -0.044025922168439
-0.591836734693878 -0.454106242520587 -2.47797581389913 -4.67558490380251 -0.0605580269558575
-0.551020408163265 -0.558148762702341 -2.59328182753533 -0.73349297266049 -0.0812001476323256
-0.510204081632653 -0.663222754570168 -2.51924376980473 4.56745538237062 -0.106136258768256
-0.469387755102041 -0.760545005730214 -2.20652834531391 10.8807264511015 -0.135236087197436
-0.428571428571429 -0.839684063571387 -1.62556629474025 17.5871826696461 -0.167974478311428
-0.387755102040816 -0.889585095768336 -0.776917810807149 23.8428815937711 -0.20338359146955
-0.346938775510204 -0.899960520639411 0.301595052113919 28.6890573462048 -0.240054840341416
-0.306122448979592 -0.862864899070566 1.53333263282323 31.21189769713 -0.276202130310319
-0.26530612244898 -0.774191923797734 2.80835549898945 30.7234205111108 -0.309788772740415
-0.224489795918367 -0.634797778262017 3.9960868707418 26.9235589213412 -0.338708871671343
-0.183673469387755 -0.450986670171484 4.96349288148584 20.0020382061086 -0.361002314740559
-0.142857142857143 -0.23419322472132 5.59563180012954 10.6488145987871 -0.375073522206455
-0.102040816326531 0.000154098393983838 5.81453524460177 -0.0378634446443891 -0.379880286927227
-0.0612244897959184 0.234437396298124 5.59244761862547 -10.7314870391115 -0.375061808661323
-0.0204081632653061 0.451026823589235 4.95652110597493 -20.1082290012183 -0.36098427465873
0.0204081632653061 0.634453608839164 3.98390016548129 -27.0780000343373 -0.338696314889847
0.0612244897959182 0.773200817248382 2.78825363138348 -30.9647222482791 -0.309802372091392
0.102040816326531 0.86081680151233 1.50065755257576 -31.5983203336184 -0.276276015273828
0.142857142857143 0.89620016377871 0.248820883548033 -29.3035830286953 -0.240244483931995
0.183673469387755 0.883073342457537 -0.861262632860181 -24.7960313859284 -0.203778498715611
0.224489795918367 0.828814027001858 -1.75800507664538 -19.0150897239797 -0.168717452894947
0.265306122448979 0.742916611549287 -2.40951183385711 -12.9351868020943 -0.136550883182144
0.306122448979592 0.635392809952368 -2.82139637965247 -7.39449428026651 -0.108365020816072
0.346938775510204 0.515392593692024 -3.02849341530944 -2.97100251651077 -0.0848509765306276
0.387755102040816 0.390249814639728 -3.08276255064291 0.0789713502198062 -0.0663610763092139
0.428571428571428 0.265054876878855 -3.03999043450908 1.81906367734127 -0.0529935615103977
0.469387755102041 0.142752980022499 -2.94770005635252 2.57766232335998 -0.0446838361514817
0.510204081632653 0.0246781133021738 -2.83614996653205 2.85445996773398 -0.0412823808466847
0.551020408163265 -0.0886305422616761 -2.71364327207204 3.20550474543184 -0.0426045077299684
0.591836734693877 -0.196519031690797 -2.56668753161775 4.12314239735214 -0.0484442162303001
0.63265306122449 -0.297413648069688 -2.36488577495968 5.92694484189675 -0.0585523994692105
0.673469387755102 -0.388299992816812 -2.06977724582598 8.68199625221712 -0.0725874412091012
0.714285714285714 -0.464619958880175 -1.64617924071308 12.1605901717807 -0.0900527303246893
0.755102040816326 -0.520648619292851 -1.07397648613312 15.860266198072 -0.110239701415518
0.795918367346939 -0.550320228123773 -0.357918823039989 19.0832900732927 -0.132195700732935
0.836734693877551 -0.548371949512947 0.466976307125995 21.0700458469783 -0.154732662280263
0.877551020408163 -0.511586226282821 1.33620820830047 21.1638420161543 -0.1764853415197
0.918367346938775 -0.439862154575578 2.16336275162636 18.9720207505498 -0.19601771409542
0.959183673469388 -0.336853107990106 2.85349774873728 14.483280022019 -0.211965063170777
1 -0.209979935110761 3.31982439171299 8.10737133953099 -0.223189808986407
