-1 0.35324382681409 4.00413003604106 -38.9586033373048 -0.24880969627145
-0.959183673469388 0.48139825192779 2.21949501999317 -47.1673120885306 -0.231527671623862
-0.918367346938776 0.532096352855064 0.263343438616086 -47.3872723958543 -0.210571797616518
-0.877551020408163 0.504820014850665 -1.55397410226297 -40.6809043888034 -0.189157382804092
-0.836734693877551 0.410396362620411 -2.99631265327346 -29.4899400473412 -0.170278970734568
-0.795918367346939 0.267056257587854 -3.94034878756711 -16.7439513017997 -0.156322332525709
-0.755102040816326 0.0956759659625785 -4.37717109352868 -4.9942075450398 -0.148859179542228
-0.714285714285714 -0.0843941783872977 -4.38400491761696 4.14998433532881 -0.148628279592662
-0.673469387755102 -0.257990190014245 -4.08127161977682 10.1734844602552 -0.155658034210273
-0.63265306122449 -0.415021439082247 -3.5910315457255 13.4565493020091 -0.169461248127417
-0.591836734693878 -0.549892332901014 -3.00803092675633 14.8864530638638 -0.189234431393983
-0.551020408163265 -0.660081207693742 -2.38746433156253 15.4525438952454 -0.214013961616304
-0.510204081632653 -0.744534306985991 -1.747441402436 15.9443614431468 -0.24276841887215
-0.469387755102041 -0.802371686395176 -1.08079199958161 16.7975714963879 -0.274430437201154
-0.428571428571429 -0.832164019262498 -0.370328013800979 18.0727884943186 -0.307886910373936
-0.387755102040816 -0.831821835350323 0.397016572473995 19.5236812347338 -0.341952338460839
-0.346938775510204 -0.798990075363678 1.21986481132438 20.7093428048156 -0.375348500101372
-0.306122448979592 -0.731765279131744 2.07698656242776 21.1183564452517 -0.406707497519597
-0.26530612244898 -0.629531313860818 2.92684951392524 20.2855359035609 -0.434607183782491
-0.224489795918367 -0.493720636544701 3.711592321413 17.890372824153 -0.457639796476552
-0.183673469387755 -0.328338253296801 4.36449665192569 13.8286278856029 -0.474507306953894
-0.142857142857143 -0.140130281692466 4.81968975619075 8.2486907709824 -0.48413121310447
-0.102040816326531 0.0616625053845297 5.0224921024302 1.54602786540353 -0.485760832469277
-0.0612244897959184 0.265956659408467 4.93864338609312 -5.68589420261983 -0.47906310402633
-0.0204081632653061 0.46080266788241 4.56072916637527 -12.7419249775395 -0.464178763771546
0.0204081632653061 0.634544451938271 3.91056143154035 -18.9141112905081 -0.441734362776039
0.0612244897959182 0.776983258783098 3.03700026068215 -23.602483499994 -0.412806234091603
0.102040816326531 0.880364473968964 2.00959232836171 -26.4057587699253 -0.378839984992597
0.142857142857143 0.940038761075535 0.909233804685215 -27.1740651566673 -0.341535943089536
0.183673469387755 0.954711004093275 -0.182367059879871 -26.0143461084335 -0.302715862308556
0.224489795918367 0.926267853728933 -1.19248715384277 -23.2498112595022 -0.264188171278331
0.265306122448979 0.859249833451911 -2.06477161417008 -19.3447738663017 -0.227627851144219
0.306122448979592 0.760090684290242 -2.76314310761006 -14.8129235683271 -0.194483094468369
0.346938775510204 0.63627394764937 -3.27197182703021 -10.1290696523626 -0.165915221269329
0.387755102040816 0.495551399844195 -3.59301642860164 -5.66159965786995 -0.142772207642928
0.428571428571428 0.345334338871343 -3.74022918889565 -1.63653152842462 -0.125590884590286
0.469387755102041 0.192317214037412 -3.73380149363074 1.86395255409314 -0.114619345949502
0.510204081632653 0.042336703620055 -3.59478486244823 4.87315597765701 -0.109849832670947
0.551020408163265 -0.099579556927835 -3.34131096962812 7.49187467459555 -0.111053275475509
0.591836734693877 -0.229052754040418 -2.98695501860809 9.8335566480983 -0.11780927443727
0.63265306122449 -0.34217079443812 -2.54126151566977 11.9751042933779 -0.12952879109484
0.673469387755102 -0.435364909885731 -2.01198936677748 13.9231503211676 -0.145470366486301
0.714285714285714 -0.505400354789174 -1.40831264974699 15.6015232266776 -0.164753498068821
0.755102040816326 -0.549501928531455 -0.744074129633354 16.8610024981694 -0.186374381262151
0.795918367346939 -0.56559852006353 -0.0402335096019231 17.5081750855235 -0.209229315654456
0.836734693877551 -0.552639516756279 0.674145218813107 17.3468632122012 -0.232149762793538
0.877551020408163 -0.51091525403672 1.36271071950593 16.2236007419136 -0.253950652436677
0.918367346938775 -0.442306999729851 1.98442655677501 14.0681873993293 -0.273490578987649
0.959183673469388 -0.35040001371359 2.49759092040318 10.9214453492607 -0.289739604435176
1 -0.240414203448139 2.86463022801461 6.94473504541558 -0.301848061243588
