-1 0.855941564315661 1.45975393845627 -2.14409411666004 -1.12875884157998
-0.777777777777778 1.06524991631774 0.671776201627569 -1.0619642433842 -0.883947759879487
-0.555555555555556 1.06489866470142 0.110062456786923 2.43470063407991 -0.624883289824761
-0.333333333333333 0.927761656999483 0.0967513106207672 7.4539665469455 -0.398874748493014
-0.111111111111111 0.767535520792024 0.711320253748128 11.8028150091586 -0.229828619517264
0.111111111111111 0.685056641047866 1.71959540777337 12.2005024323974 -0.115512658729968
0.333333333333333 0.725000641340801 2.59961548642286 5.41624629729474 -0.0359429800540644
0.555555555555555 0.85777025400823 2.69183609938944 -9.38824705204316 0.0328985636578045
0.777777777777778 0.991390556988461 1.49278022170695 -28.2320217411287 0.106902634304079
1 1.01065841219548 -0.99051916795321 -42.3251243007394 0.1878917503856
