-1 0.390085826557438 -0.735493439954927 -5.5069477850417 -1.79760513000879
-0.959183673469388 0.355233101816683 -0.978223791018292 -6.37777841778531 -1.7823608360079
-0.918367346938776 0.309769100054808 -1.25475839301418 -7.14714649257038 -1.76875095660768
-0.877551020408163 0.252427097864132 -1.55882323357621 -7.70709825727643 -1.75723532572261
-0.836734693877551 0.182291693623024 -1.87935903220169 -7.93233244191609 -1.74831897546756
-0.795918367346939 0.0990062164797147 -2.19999439295135 -7.68985328803634 -1.74253363723826
-0.755102040816326 0.00299231739426936 -2.49900674860037 -6.85316976901533 -1.74041046075691
-0.714285714285714 -0.104341812970407 -2.74994477234416 -5.32031161746328 -1.74244391037964
-0.673469387755102 -0.220434383895459 -2.92303749960237 -3.03400763750005 -1.74904789324359
-0.63265306122449 -0.341477361856363 -2.98742906669231 -0.00146977318950736 -1.76050647244989
-0.591836734693878 -0.462430752586743 -2.91415861138875 3.68945482416055 -1.77692287727023
-0.551020408163265 -0.577170227975566 -2.67966577556152 7.86125471435997 -1.7981717443226
-0.510204081632653 -0.678782698288268 -2.26946454353584 12.2479950181789 -1.82386037999563
-0.469387755102041 -0.760007462930484 -1.68151824079936 16.508953624594 -1.85330509939111
-0.428571428571429 -0.813800152915797 -0.928793523049108 20.2551296328323 -1.8855281914028
-0.387755102040816 -0.833975523983381 -0.0404931299063668 23.0870249115035 -1.91927969473587
-0.346938775510204 -0.815866682800409 0.93842291150052 24.6399298831878 -1.95308598381851
-0.306122448979592 -0.756926086314795 1.94962457810586 24.6310971732263 -1.98532433916012
-0.26530612244898 -0.657190665384349 2.92564957299841 22.9020783741438 -2.01431953287729
-0.224489795918367 -0.51954148952845 3.795653983332 19.4494517774112 -2.03845541646843
-0.183673469387755 -0.34970756911545 4.49208143566215 14.4383228814149 -2.05629201342242
-0.142857142857143 -0.15599177524363 4.95746978705396 8.19523955979205 -2.06667711522901
-0.102040816326531 0.0512692724211485 5.15053736784 1.18019553101917 -2.06884116107455
-0.0612244897959184 0.260465121360103 5.05074463010419 -6.05932129283446 -2.06246537426625
-0.0204081632653061 0.459615474886077 4.66070973575036 -12.9463500051761 -2.04771564281215
0.0204081632653061 0.637322697980449 4.0061418541225 -18.9366487973262 -2.02523816693378
0.0612244897959182 0.783670434338298 3.1332975353639 -23.5764571916966 -1.99611698388416
0.102040816326531 0.890973203789771 2.10430616784475 -26.5479757048178 -1.961797559233
0.142857142857143 0.954302024245996 0.990993094618868 -27.6967599986529 -1.92398414427509
0.183673469387755 0.971740818789821 -0.131992208068171 -27.0381759097011 -1.88452107706853
0.224489795918367 0.944362792366571 -1.19388593258994 -24.7433453080203 -1.84526935546991
0.265306122448979 0.875949708188859 -2.13358170307933 -21.1080263753858 -1.80798955200796
0.306122448979592 0.772505113129838 -2.90387767402652 -16.510099860303 -1.77424060426672
0.346938775510204 0.641631388114168 -3.47387067482845 -11.36244782777 -1.74530151060713
0.387755102040816 0.491848188468612 -3.82944833025622 -6.0679256394772 -1.72211991318216
0.428571428571428 0.331926512545018 -3.97208343899663 -0.981987811916254 -1.70528841691447
0.469387755102041 0.170300148247788 -3.91632550998428 3.61334070358987 -1.69504669132804
0.510204081632653 0.0145976516667821 -3.68649084853324 7.5226372321605 -1.69130524643696
0.551020408163265 -0.128683114813366 -3.3130708360028 10.6379661901582 -1.69368544115221
0.591836734693877 -0.254356098995866 -2.82931937185593 12.929689840823 -1.70156980487985
0.63265306122449 -0.358598685812372 -2.26836704400295 14.4304342886552 -1.71415703552596
0.673469387755102 -0.438900047838722 -1.66106869718115 15.2157750264346 -1.73051689488961
0.714285714285714 -0.493937935969264 -1.03464923877816 15.3849388089459 -1.74964142440427
0.755102040816326 -0.523415698988685 -0.412091199468241 15.044113371872 -1.77049021709085
0.795918367346939 -0.527887108156226 0.18787946563025 14.2940158316943 -1.79202870520782
0.836734693877551 -0.508589605429351 0.750400042892744 13.2223890437013 -1.81325941319822
0.877551020408163 -0.467298505269988 1.26386991683089 11.9012274486311 -1.83324680326949
0.918367346938775 -0.406206891960409 1.7193190482132 10.3878792569258 -1.85113669031143
0.959183673469388 -0.327829551738265 2.10987966268916 8.728773608376 -1.86617125962842
1 -0.234924925686639 2.43043989976849 6.96437722548982 -1.87770055669839
