-1 0.353814885772574 0.248197843431484 -11.9433564207954 -0.51440687773463
-0.959183673469388 0.353730036972257 -0.258256947736665 -12.8092856841325 -0.499896837725865
-0.918367346938776 0.332364962990868 -0.7916081184081 -13.2452207101689 -0.485820808086857
-0.877551020408163 0.289006688494054 -1.33234974237765 -13.155895557718 -0.473064628284335
-0.836734693877551 0.223816269099756 -1.85721163757447 -12.4536410427961 -0.462525924906134
-0.795918367346939 0.137973429162592 -2.33966989409921 -11.0685561359525 -0.455075414457923
-0.755102040816326 0.0337913629006734 -2.75090975778101 -8.96034869065894 -0.451512848600426
-0.714285714285714 -0.0852178638668719 -3.06128672778345 -6.13066975644577 -0.452519212474958
-0.673469387755102 -0.214347631899602 -3.24227400519245 -2.63430641797097 -0.458607608732706
-0.63265306122449 -0.347789182995597 -3.26881083230007 1.41270290998527 -0.470076059853103
-0.591836734693878 -0.478825373474829 -3.12188533349672 5.83000993978184 -0.486966117888485
-0.551020408163265 -0.600130624789808 -2.79110935434273 10.3766461301015 -0.509031550777734
-0.510204081632653 -0.704170776692708 -2.27698570154324 14.762508626351 -0.535721353015318
-0.469387755102041 -0.783683693764517 -1.59254403708932 18.6677322524324 -0.566180812580062
-0.428571428571429 -0.83220850087867 -0.764041320230362 21.768873975806 -0.599273316913098
-0.387755102040816 -0.844620141455298 0.16950883241266 23.7696390816783 -0.633624031822058
-0.346938775510204 -0.817618529618068 1.15809896423919 24.432854412864 -0.667684652178945
-0.306122448979592 -0.750119580351026 2.14375464244408 23.6097501556148 -0.699816291398813
-0.26530612244898 -0.643499900108453 3.06463239046021 21.2625117288087 -0.728385493877251
-0.224489795918367 -0.50165805890866 3.85983945989565 17.4765896853476 -0.751866592066844
-0.183673469387755 -0.330872270342411 4.47450399051757 12.4603827277205 -0.768942444433229
-0.142857142857143 -0.139455119711317 4.86455797051921 6.53149787623749 -0.778595182675788
-0.102040816326531 0.0627719115290163 5.00069967965611 0.0906074387278482 -0.780179074496729
-0.0612244897959184 0.265140958591493 4.87108038115489 -6.41432696571617 -0.773468964259229
-0.0204081632653061 0.456878303629263 4.48240317156441 -12.5293019883852 -0.758679859228418
0.0204081632653061 0.627854898938376 3.85931024808071 -17.8360390835856 -0.736455848044699
0.0612244897959182 0.769278001492326 3.0421407014035 -21.9892638853245 -0.707829360732003
0.102040816326531 0.87426241568743 2.083333547319 -24.7451846627226 -0.674154467262631
0.142857142857143 0.938234319167652 1.04290173795533 -25.9781703623803 -0.63702014757937
0.183673469387755 0.959140066892502 -0.0165086305997868 -25.6843344017146 -0.598151001343151
0.224489795918367 0.93745393045324 -1.03444392027577 -23.9725363303154 -0.559303554550402
0.265306122448979 0.875999465682144 -1.95687828109374 -21.0449249297908 -0.522166135977851
0.306122448979592 0.779616461297503 -2.73949606583225 -17.1703198076009 -0.488269328797355
0.346938775510204 0.654717270713851 -3.34980733739708 -12.654313664556 -0.458912435988694
0.387755102040816 0.508781798500136 -3.76804218171219 -7.80993741477911 -0.435109476487408
0.428571428571428 0.349839558543308 -3.98691593717781 -2.93213874787659 -0.417556214990674
0.469387755102041 0.18598100593788 -4.0104710500856 1.72165905802661 -0.406617863176544
0.510204081632653 0.0249303789083422 -3.8522701885732 5.94382044027734 -0.40233556136643
0.551020408163265 -0.126299511083146 -3.53323629297374 9.58162881516504 -0.404448671761697
0.591836734693877 -0.261661853241981 -3.07941323832945 12.5362724820052 -0.412429323058452
0.63265306122449 -0.376241238882115 -2.51986661092324 14.7572940073744 -0.425525506364839
0.673469387755102 -0.466338875777238 -1.88487190422121 16.2343715990912 -0.442809245645302
0.714285714285714 -0.529491057053502 -1.20446172711208 16.9882226754289 -0.463226834150498
0.755102040816326 -0.564435836528114 -0.507336755875652 17.0620804766886 -0.485648717053903
0.795918367346939 -0.57104197708329 0.179904309506116 16.5147007206071 -0.508917199607522
0.836734693877551 -0.550211764770861 0.833288607913957 15.4153191950516 -0.531890687685916
0.877551020408163 -0.503766098385365 1.43182666075716 13.8405002577163 -0.553483576768822
0.918367346938775 -0.434317163822014 1.95777322381469 11.8724593749623 -0.572701183958417
0.959183673469388 -0.34513157436476 2.39683945129274 9.59824449636765 -0.588669281762023
1 -0.239985432430915 2.73837796361546 7.10912243655891 -0.600657877193396
