-1 0.353225482368719 -0.73928451244975 -4.65718777545363 -0.211894702164527
-0.959183673469388 0.318949502238992 -0.945688659471212 -5.45719544715189 -0.198148190379518
-0.918367346938776 0.275586845355825 -1.18428738310762 -6.22084496270562 -0.185981663104046
-0.877551020408163 0.221878696131728 -1.45171723698019 -6.85170490613577 -0.175792159706753
-0.836734693877551 0.156790831513014 -1.74017268283135 -7.22932516190142 -0.168024133405362
-0.795918367346939 0.0797132792657375 -2.03655658165504 -7.21653412201741 -0.16315632800616
-0.755102040816326 -0.00931293753646539 -2.32204008204293 -6.67224946263795 -0.161679895736155
-0.714285714285714 -0.10936328712331 -2.57225636390466 -5.46960735197012 -0.164067054399467
-0.673469387755102 -0.218421468436451 -2.75832268956056 -3.51809966475578 -0.170730633969894
-0.63265306122449 -0.33323192993052 -2.84880666283071 -0.787180026051983 -0.18197623176505
-0.591836734693878 -0.449251987184139 -2.81262565647333 2.67229610223001 -0.197950250670557
-0.551020408163265 -0.560738655609412 -2.62270441964519 6.71309974657735 -0.21858862659044
-0.510204081632653 -0.660994542534243 -2.26003827443038 11.0873877112682 -0.243572289515578
-0.469387755102041 -0.742779394859933 -1.71765118393081 15.456521982085 -0.272296056082011
-0.428571428571429 -0.798870732184341 -1.0038368303844 19.4164338657981 -0.303857462064505
-0.387755102040816 -0.822731456169594 -0.144060594503314 22.5374599014122 -0.337070847187468
-0.346938775510204 -0.809218618123646 0.818997681761763 24.414719014893 -0.370509787882223
-0.306122448979592 -0.755250329166137 1.82756502898646 24.7225111839435 -0.402577906261702
-0.26530612244898 -0.660341338833888 2.81306066743231 23.2645065948349 -0.431604520931609
-0.224489795918367 -0.526924868407557 3.70219719379441 20.0111656426899 -0.455958048879951
-0.183673469387755 -0.36039937560084 4.42422125719403 15.1171419425639 -0.474167088545928
-0.142857142857143 -0.168871873991692 4.91837525983345 8.91428601542771 -0.485037249816885
-0.102040816326531 0.0373904769824201 5.14056109579832 1.87983518700676 -0.48775144265704
-0.0612244897959184 0.24674806352307 5.06825857575596 -5.4162981758684 -0.481942655488333
-0.0204081632653061 0.447129054775951 4.70299175685192 -12.3774249185471 -0.467731128415958
0.0204081632653061 0.62701382738023 4.0700072333453 -18.4489893059896 -0.44572185954964
0.0612244897959182 0.776350279076264 3.21526208566952 -23.1797615481172 -0.41696296667722
0.102040816326531 0.887299379242291 2.2002331571091 -26.266090632708 -0.382869850541142
0.142857142857143 0.954738065373384 1.09537390902849 -27.5732729983506 -0.345123691479193
0.183673469387755 0.976484106724146 -0.0267990781469936 -27.1324544294081 -0.305555042471232
0.224489795918367 0.953247682935507 -1.09803668304648 -25.1160027729983 -0.266023902726362
0.265306122448979 0.888349770293117 -2.05935168624183 -21.7980107321641 -0.228306712941733
0.306122448979592 0.787271899531718 -2.86424588277921 -17.5087392711613 -0.19399853263423
0.346938775510204 0.657111920922043 -3.48010867323022 -12.5919793385934 -0.164435767574976
0.387755102040816 0.506015801214384 -3.88806209956062 -7.37252849724059 -0.140641816267429
0.428571428571428 0.342639083276871 -4.08175842809625 -2.13772587223788 -0.123295448635803
0.469387755102041 0.175668769024925 -4.06571806726283 2.86692731802269 -0.112719996457753
0.510204081632653 0.0134134290754939 -3.85372019814623 7.43165532250558 -0.108890658596524
0.551020408163265 -0.136547793525998 -3.46755673437358 11.371837951338 -0.111457283453599
0.591836734693877 -0.267673951083573 -2.93619378382823 14.5196800152463 -0.119780558813937
0.63265306122449 -0.37474194445623 -2.29513110171129 16.723544853677 -0.132980182395245
0.673469387755102 -0.454097810686309 -1.58558274160447 17.8575119990418 -0.149993892673909
0.714285714285714 -0.503863879798078 -0.853071685927448 17.840034111565 -0.169645937361542
0.755102040816326 -0.524071367684094 -0.145150789490399 16.6570811904959 -0.190722597416617
0.795918367346939 -0.516680819346566 0.491797114964023 14.3828697930162 -0.212050962791711
0.836734693877551 -0.485456895744087 1.016430246711 11.1908842493982 -0.232575663838391
0.877551020408163 -0.435679931413632 1.39647062009422 7.34960088026765 -0.251427182216044
0.918367346938775 -0.373701694636184 1.61219599968936 3.20073647693044 -0.267975135423448
0.959183673469388 -0.306381299834742 1.65871513627289 -0.877922139470621 -0.281860813905273
1 -0.24046235637257 1.54650747306125 -4.51912233059981 -0.293005253253482
