-1 0.353233024051175 -0.739868881303578 -4.65326702647861 -0.211468650760097
-0.959183673469388 0.318936435336919 -0.94611474146011 -5.4533675324902 -0.197722273713987
-0.918367346938776 0.275559539968073 -1.18455996672896 -6.21716139398771 -0.185556591678761
-0.877551020408163 0.221843279277118 -1.45184357198899 -6.84823589420095 -0.175368388638782
-0.836734693877551 0.156753069343081 -1.7401633688721 -7.22616539662649 -0.167601874629372
-0.795918367346939 0.0796784189613184 -2.03642663226912 -7.21380518895734 -0.162735568082144
-0.755102040816326 -0.00934036987307453 -2.32180997760204 -6.67009649144031 -0.161260421009728
-0.714285714285714 -0.109379726705307 -2.57195281359973 -5.46818783172445 -0.163648485229835
-0.673469387755102 -0.218424571378324 -2.75797875706914 -3.51756340470061 -0.170312469246605
-0.63265306122449 -0.333220818895862 -2.84846090218154 -0.787640995431345 -0.181557903873222
-0.591836734693878 -0.449227436598006 -2.8123199797781 2.67079304847056 -0.197531189425622
-0.551020408163265 -0.560703161751454 -2.62248059011159 6.71061187620381 -0.218168328574674
-0.510204081632653 -0.660952224537382 -2.25993317882396 11.0840998978957 -0.243150386994864
-0.469387755102041 -0.74273568528152 -1.71769135480794 15.4527566742901 -0.271872377692184
-0.428571428571429 -0.798831841530288 -1.00403300119565 19.4126385200129 -0.303432076250751
-0.387755102040816 -0.822703632891322 -0.144403304470961 22.5341677671383 -0.33664407946799
-0.346938775510204 -0.809207269350514 0.818540338256571 24.4124838178317 -0.370082204767533
-0.306122448979592 -0.755259110121167 1.82704655062019 24.7218219593484 -0.402150262214743
-0.26530612244898 -0.660371351157234 2.81255160662065 23.2656945644573 -0.431177669870477
-0.224489795918367 -0.526974120267694 3.7017769239472 20.0143192844747 -0.455532827787314
-0.183673469387755 -0.360462642589447 4.42396674408839 15.1220480546705 -0.47374418680383
-0.142857142857143 -0.168941056733995 4.91834823782977 8.92041282815896 -0.484617082778068
-0.102040816326531 0.0373254718829395 5.14079560849703 1.88636829347605 -0.487334050542813
-0.0612244897959184 0.246697979433793 5.06875112107652 -5.41036449926175 -0.4815276480563
-0.0204081632653061 0.447103629006063 4.70369618350927 -12.3731482706663 -0.467317691514675
0.0204081632653061 0.627020053097677 4.07083603594213 -18.4473086597055 -0.445308831831225
0.0612244897959182 0.776390865721616 3.21609487746697 -23.181320725459 -0.41654898420031
0.102040816326531 0.887371701376434 2.20093196976622 -26.2710854139687 -0.382453545196764
0.142857142857143 0.954833850492253 1.0958037378738 -27.5813517150022 -0.344703917970763
0.183673469387755 0.976590024129391 -0.0267472034165593 -27.1426971547683 -0.305131100000538
0.224489795918367 0.953346866139716 -1.09842366796565 -25.1269946709835 -0.265595713448742
0.265306122448979 0.888424150476266 -2.06017331596064 -21.808011487915 -0.227874921038985
0.306122448979592 0.787305069775842 -2.86542442720051 -17.5159342104944 -0.193564496107646
0.346938775510204 0.657092117221287 -3.48149590462632 -12.5947809764976 -0.164001429159549
0.387755102040816 0.505938504291126 -3.88945488777573 -7.36988268148334 -0.140209458659791
0.428571428571428 0.342508738846364 -4.0829259999224 -2.12936772856786 -0.122867359891712
0.469387755102041 0.175499207811708 -4.06643774301776 2.88032254072345 -0.112298090528608
0.510204081632653 0.013226741453555 -3.85381636237007 7.44847040558346 -0.10847610980836
0.551020408163265 -0.136723928292781 -3.46693642604867 11.3896823895785 -0.111050238926539
0.591836734693877 -0.267810201292463 -2.93487202653625 14.5357195921975 -0.119379987149638
0.63265306122449 -0.374811985193754 -2.29324019135822 16.7349480367722 -0.132583900019287
0.673469387755102 -0.454082972521988 -1.58336214956048 17.8619390965705 -0.149598782835063
0.714285714285714 -0.503756984853923 -0.850838668742399 17.836077726278 -0.169248344976949
0.755102040816326 -0.523879031953897 -0.143255572196219 16.6445678728593 -0.190318851339697
0.795918367346939 -0.516423728272207 0.493024421794524 14.3629549880552 -0.211637951842598
0.836734693877551 -0.485167898858674 1.01673182566829 11.1659122756327 -0.232151379448435
0.877551020408163 -0.435400186479245 1.39570287764011 7.32275028929516 -0.250991142069425
0.918367346938775 -0.373475442791271 1.61035370328583 3.17551709113066 -0.267528619299671
0.959183673469388 -0.306250095906912 1.6559336307068 -0.898222516226042 -0.281406872089869
1 -0.240459661050772 1.54304312223579 -4.53193425063292 -0.29254848380334
