0.001 -0.499971100678506 1 2.37427689451643 -6 -0.500216490973828 -9 -0.500213283531254
0.00503030303030303 -0.499971413709792 1.07070707070707 1.903491636971 -5.94949494949495 -0.500216480013124 -8.91919191919192 -0.50021328352218
0.00906060606060606 -0.499972698070954 1.14141414141414 1.5264017047806 -5.8989898989899 -0.500216468218601 -8.83838383838384 -0.500213283521866
0.0130909090909091 -0.499975725090156 1.21212121212121 1.22072964258184 -5.84848484848485 -0.500216455539328 -8.75757575757576 -0.500213283497799
0.0171212121212121 -0.499981242153196 1.28282828282828 0.970343022427111 -5.7979797979798 -0.500216441818033 -8.67676767676768 -0.500213283491801
0.0211515151515152 -0.499989992338752 1.35353535353535 0.763330627279362 -5.74747474747475 -0.500216426963776 -8.5959595959596 -0.50021328348504
0.0251818181818182 -0.500002704368187 1.42424242424242 0.590765564163844 -5.6969696969697 -0.500216410746997 -8.51515151515152 -0.500213283471277
0.0292121212121212 -0.500020109569935 1.4949494949495 0.4458639146388 -5.64646464646465 -0.500216390101188 -8.43434343434343 -0.500213283466774
0.0332424242424242 -0.500042919552519 1.56565656565657 0.323390653799253 -5.5959595959596 -0.5002163711738 -8.35353535353535 -0.500213283435154
0.0372727272727273 -0.500071841958104 1.63636363636364 0.219261145716495 -5.54545454545455 -0.500216352986409 -8.27272727272727 -0.500213283409279
0.0413030303030303 -0.500107577281794 1.70707070707071 0.130254687583707 -5.49494949494949 -0.500216329302432 -8.19191919191919 -0.500213283380311
0.0453333333333333 -0.500150819896776 1.77777777777778 0.0538067239199693 -5.44444444444444 -0.500216301332506 -8.11111111111111 -0.50021328335917
0.0493636363636364 -0.500202255578683 1.84848484848485 -0.0121431907003036 -5.39393939393939 -0.500216268226815 -8.03030303030303 -0.500213283324608
0.0533939393939394 -0.500262620380168 1.91919191919192 -0.0692638657317953 -5.34343434343434 -0.500216239868593 -7.94949494949495 -0.500213283270395
0.0574242424242424 -0.500331685907163 1.98989898989899 -0.118917460631529 -5.29292929292929 -0.500216196443635 -7.86868686868687 -0.500213283168909
0.0614545454545455 -0.500411448625531 2.06060606060606 -0.162223424050912 -5.24242424242424 -0.500216149125052 -7.78787878787879 -0.50021328311031
0.0654848484848485 -0.500502095987343 2.13131313131313 -0.20011088562708 -5.19191919191919 -0.500216102140052 -7.70707070707071 -0.500213283006007
0.0695151515151515 -0.50060432827574 2.2020202020202 -0.23335006965411 -5.14141414141414 -0.500216060440234 -7.62626262626263 -0.500213282907751
0.0735454545454546 -0.500718793772853 2.27272727272727 -0.262584630589494 -5.09090909090909 -0.500216005744538 -7.54545454545454 -0.500213282782068
0.0775757575757576 -0.50084615592664 2.34343434343434 -0.288357023008649 -5.04040404040404 -0.500215944552283 -7.46464646464646 -0.500213282621289
0.0816060606060606 -0.500987080748896 2.41414141414141 -0.311126019787795 -4.98989898989899 -0.500215877845669 -7.38383838383838 -0.500213282412569
0.0856363636363636 -0.501142223271954 2.48484848484848 -0.331281157034109 -4.93939393939394 -0.500215803611333 -7.3030303030303 -0.500213282176561
0.0896666666666667 -0.501312299950586 2.55555555555556 -0.349154621191938 -4.88888888888889 -0.50021571136525 -7.22222222222222 -0.500213281911648
0.0936969696969697 -0.501497900616375 2.62626262626263 -0.365030847639076 -4.83838383838384 -0.500215626359118 -7.14141414141414 -0.500213281582528
0.0977272727272727 -0.501699793356008 2.6969696969697 -0.379154297576982 -4.78787878787879 -0.500215582074517 -7.06060606060606 -0.500213281154569
0.101757575757576 -0.50191861317124 2.76767676767677 -0.39173582657472 -4.73737373737374 -0.500215487832539 -6.97979797979798 -0.50021328067628
0.105787878787879 -0.502155029313222 2.83838383838384 -0.40295791178502 -4.68686868686869 -0.500215386985473 -6.8989898989899 -0.500213280078657
0.109818181818182 -0.50240973078775 2.90909090909091 -0.412978894823721 -4.63636363636364 -0.500215246019284 -6.81818181818182 -0.500213279347981
0.113848484848485 -0.502683409609384 2.97979797979798 -0.421936658744379 -4.58585858585859 -0.500215138900053 -6.73737373737374 -0.500213278470971
0.117878787878788 -0.50297677702773 3.05050505050505 -0.429951896164455 -4.53535353535354 -0.500215055557984 -6.65656565656566 -0.500213277438309
0.121909090909091 -0.503290540941801 3.12121212121212 -0.437130549441203 -4.48484848484848 -0.500214790648235 -6.57575757575758 -0.500213276194055
0.125939393939394 -0.503625422908783 3.19191919191919 -0.443564579607304 -4.43434343434343 -0.500214414965915 -6.49494949494949 -0.500213274676837
0.129969696969697 -0.503982154954309 3.26262626262626 -0.44933541907027 -4.38383838383838 -0.5002139407483 -6.41414141414141 -0.500213272868934
0.134 -0.504361478131726 3.33333333333333 -0.454514875303015 -4.33333333333333 -0.500213568738537 -6.33333333333333 -0.500213270691404
0.138030303030303 -0.504764152547256 3.4040404040404 -0.459166403320802 -4.28282828282828 -0.500213175004037 -6.25252525252525 -0.500213268048184
0.142060606060606 -0.505190943824185 3.47474747474747 -0.463346193602379 -4.23232323232323 -0.500212801857846 -6.17171717171717 -0.500213264871061
0.146090909090909 -0.50564263503134 3.54545454545455 -0.46710410033831 -4.18181818181818 -0.500212452531066 -6.09090909090909 -0.500213261093569
0.150121212121212 -0.506120023394293 3.61616161616162 -0.470484435494158 -4.13131313131313 -0.500212058032853 -6.01010101010101 -0.500213256509767
0.154151515151515 -0.506623922559563 3.68686868686869 -0.473526655100968 -4.08080808080808 -0.500211652316476 -5.92929292929293 -0.500213250996221
0.158181818181818 -0.507155163188168 3.75757575757576 -0.476266080775824 -4.03030303030303 -0.50021131827873 -5.84848484848485 -0.500213244325141
0.162212121212121 -0.507714594127904 3.82828282828283 -0.478733969888887 -3.97979797979798 -0.500210570607448 -5.76767676767677 -0.500213236396323
0.166242424242424 -0.508303083584402 3.8989898989899 -0.480958518793962 -3.92929292929293 -0.500209389315236 -5.68686868686869 -0.500213226853438
0.170272727272727 -0.508921520180307 3.96969696969697 -0.482963624182584 -3.87878787878788 -0.500208186617464 -5.60606060606061 -0.500213215367604
0.17430303030303 -0.509570814177 4.04040404040404 -0.484507494891684 -3.82828282828283 -0.500207056552737 -5.52525252525253 -0.500213201374439
0.178333333333333 -0.510251898754051 4.11111111111111 -0.486110178602681 -3.77777777777778 -0.500206036301368 -5.44444444444444 -0.500213184979441
0.182363636363636 -0.510965774243103 4.18181818181818 -0.487551963956785 -3.72727272727273 -0.50020504502894 -5.36363636363636 -0.500213165250257
0.186393939393939 -0.511712689124783 4.25252525252525 -0.488848943201525 -3.67676767676768 -0.500204013549938 -5.28282828282828 -0.50021314155414
0.190424242424242 -0.512494698757731 4.32323232323232 -0.490015578063271 -3.62626262626263 -0.500203020530733 -5.2020202020202 -0.500213113218676
0.194454545454545 -0.513312475753857 4.39393939393939 -0.49106487365936 -3.57575757575758 -0.500202161446623 -5.12121212121212 -0.500213079404484
0.198484848484849 -0.514167096526169 4.46464646464646 -0.49200853720758 -3.52525252525253 -0.500200024124283 -5.04040404040404 -0.500213038695271
0.202515151515152 -0.515059648945125 4.53535353535354 -0.492857114348495 -3.47474747474747 -0.500197273958635 -4.95959595959596 -0.50021299018873
0.206545454545455 -0.515991258590984 4.60606060606061 -0.493620111720239 -3.42424242424242 -0.500194615614393 -4.87878787878788 -0.500212933260678
0.210575757575758 -0.516963082596509 4.67676767676768 -0.494306108106435 -3.37373737373737 -0.500192074890039 -4.7979797979798 -0.50021286538399
0.214606060606061 -0.517976324726047 4.74747474747475 -0.494922841533964 -3.32323232323232 -0.500189389702183 -4.71717171717172 -0.500212784621153
0.218636363636364 -0.519032214246522 4.81818181818182 -0.495477309948674 -3.27272727272727 -0.500186844532198 -4.63636363636364 -0.500212689222454
0.222666666666667 -0.520132023691785 4.88888888888889 -0.495974094600221 -3.22222222222222 -0.500184170964989 -4.55555555555556 -0.500212576590444
0.22669696969697 -0.521277066614477 4.95959595959596 -0.49642054943582 -3.17171717171717 -0.500181285993089 -4.47474747474747 -0.500212442364463
0.230727272727273 -0.522468699418106 5.03030303030303 -0.496821533138036 -3.12121212121212 -0.500178221908368 -4.39393939393939 -0.500212279738468
0.234757575757576 -0.523708323024052 5.1010101010101 -0.497181633565159 -3.07070707070707 -0.500174730860837 -4.31313131313131 -0.500212100615254
0.238787878787879 -0.524997384454195 5.17171717171717 -0.497505023046276 -3.02020202020202 -0.500170743893225 -4.23232323232323 -0.500211894319479
0.242818181818182 -0.526337378370827 5.24242424242424 -0.497795488599753 -2.96969696969697 -0.500163360560534 -4.15151515151515 -0.50021166034258
0.246848484848485 -0.527729849600449 5.31313131313131 -0.498056314060583 -2.91919191919192 -0.500155521225133 -4.07070707070707 -0.500211404767782
0.250878787878788 -0.529176395811007 5.38383838383838 -0.498290579719275 -2.86868686868687 -0.500147282231188 -3.98989898989899 -0.500211204938429
0.254909090909091 -0.530678670266599 5.45454545454545 -0.498501037985161 -2.81818181818182 -0.500138616585731 -3.90909090909091 -0.500209944078802
0.258939393939394 -0.532238385891181 5.52525252525253 -0.498690201844229 -2.76767676767677 -0.500130643790633 -3.82828282828283 -0.500208869740958
0.262969696969697 -0.533857307241323 5.5959595959596 -0.498860338271639 -2.71717171717172 -0.500124618182606 -3.74747474747475 -0.500207775613077
0.267 -0.535537281829594 5.66666666666667 -0.499013499277266 -2.66666666666667 -0.500117219259538 -3.66666666666667 -0.500206640210007
0.271030303030303 -0.537280213590787 5.73737373737374 -0.499151463044645 -2.61616161616162 -0.500109315128753 -3.58585858585859 -0.500205394556869
0.275060606060606 -0.539088075801522 5.80808080808081 -0.499275662836692 -2.56565656565657 -0.500101273839222 -3.5050505050505 -0.50020413091098
0.279090909090909 -0.540962914058054 5.87878787878788 -0.499387879359038 -2.51515151515152 -0.500092971032668 -3.42424242424242 -0.500202760947022
0.283121212121212 -0.542906849807002 5.94949494949495 -0.499489453829316 -2.46464646464646 -0.50008500844324 -3.34343434343434 -0.500201138231095
0.287151515151515 -0.544922083087476 6.02020202020202 -0.499530633864262 -2.41414141414141 -0.50007394197186 -3.26262626262626 -0.500199290866223
0.291181818181818 -0.547010896465654 6.09090909090909 -0.499606857890906 -2.36363636363636 -0.500062153827041 -3.18181818181818 -0.500195910476754
0.295212121212121 -0.549175658582358 6.16161616161616 -0.49967493061145 -2.31313131313131 -0.500049143157249 -3.1010101010101 -0.500192267456737
0.299242424242424 -0.551418827972209 6.23232323232323 -0.499735706070475 -2.26262626262626 -0.500032934809434 -3.02020202020202 -0.500188299998633
0.303272727272727 -0.553742957206202 6.3030303030303 -0.499789952094608 -2.21212121212121 -0.500014450027811 -2.93939393939394 -0.500183899160001
0.30730303030303 -0.556150761179067 6.37373737373737 -0.499838358243456 -2.16161616161616 -0.499994760149621 -2.85858585858586 -0.500178813439608
0.311333333333333 -0.558644162287694 6.44444444444444 -0.499881544524944 -2.11111111111111 -0.499979030979411 -2.77777777777778 -0.500172663441026
0.315363636363636 -0.561227016764623 6.51515151515152 -0.499920067961235 -2.06060606060606 -0.499965809529211 -2.6969696969697 -0.500165927320907
0.319393939393939 -0.563902057070754 6.58585858585859 -0.499954429042689 -2.01010101010101 -0.499955874075165 -2.61616161616162 -0.500155527904276
0.323424242424242 -0.566672360244984 6.65656565656566 -0.499985077468127 -1.95959595959596 -0.499944841028824 -2.53535353535353 -0.500143508965281
0.327454545454545 -0.569541124971452 6.72727272727273 -0.500012363059247 -1.90909090909091 -0.499932074110868 -2.45454545454545 -0.500132353513579
0.331484848484849 -0.572511676376071 6.7979797979798 -0.500036654921034 -1.85858585858586 -0.499916916416873 -2.37373737373737 -0.500121817865841
0.335515151515152 -0.575587471531208 6.86868686868687 -0.500058301422724 -1.80808080808081 -0.499901068418626 -2.29292929292929 -0.500109565024393
0.339545454545455 -0.578779561092824 6.93939393939394 -0.500077591812888 -1.75757575757576 -0.499884669369957 -2.21212121212121 -0.50009852963215
0.343575757575758 -0.582074830837193 7.01010101010101 -0.500094784919481 -1.70707070707071 -0.499870710509987 -2.13131313131313 -0.500082722699258
0.347606060606061 -0.585486978448669 7.08080808080808 -0.500110115934355 -1.65656565656566 -0.499900693447886 -2.05050505050505 -0.500064064351052
0.351636363636364 -0.589019983267788 7.15151515151515 -0.500123786449885 -1.60606060606061 -0.499932039663359 -1.96969696969697 -0.500042065320208
0.355666666666667 -0.592678003289182 7.22222222222222 -0.500135986503729 -1.55555555555556 -0.499951634970608 -1.88888888888889 -0.500018923419447
0.35969696969697 -0.596465346330369 7.29292929292929 -0.500146883055334 -1.50505050505051 -0.499971101726582 -1.80808080808081 -0.499983264769512
0.363727272727273 -0.600386507920798 7.36363636363636 -0.50015662935448 -1.45454545454546 -0.499995445981768 -1.72727272727273 -0.499943993136383
0.367757575757576 -0.604446175007723 7.43434343434343 -0.500165364458609 -1.4040404040404 -0.500023725024068 -1.64646464646465 -0.49992028255858
0.371787878787879 -0.60864923537838 7.50505050505051 -0.500173203058153 -1.35353535353535 -0.500038338262354 -1.56565656565656 -0.499899480090459
0.375818181818182 -0.613000785526858 7.57575757575758 -0.500180757556235 -1.3030303030303 -0.500038767696071 -1.48484848484848 -0.499873380110814
0.379848484848485 -0.617506139534386 7.64646464646465 -0.500187078211399 -1.25252525252525 -0.500039207043113 -1.4040404040404 -0.499841067910006
0.383878787878788 -0.62217083558372 7.71717171717172 -0.500192804902313 -1.2020202020202 -0.500040041002483 -1.32323232323232 -0.499801320577296
0.387909090909091 -0.627000645494688 7.78787878787879 -0.500198026899578 -1.15151515151515 -0.500039686281331 -1.24242424242424 -0.499772883211073
0.391939393939394 -0.632001585461607 7.85858585858586 -0.500202759509215 -1.1010101010101 -0.500036862263452 -1.16161616161616 -0.499792110453356
0.395969696969697 -0.637179921907079 7.92929292929293 -0.500207158751534 -1.05050505050505 -0.500036621527769 -1.08080808080808 -0.499813875938252
0.4 -0.64254218459976 8 -0.500211244268825 -1 -0.500036707823005 -1 -0.499850859489334
